  0.104368E-04  0.716336E+07  0.716336E+07  0.954953E+07  0.954948E+07  0.716833E+07  0.716336E+07  0.976670E+00  0.716338E+07
  0.115244E-04  0.716336E+07  0.716335E+07  0.954918E+07  0.954911E+07  0.716832E+07  0.716335E+07  0.976670E+00  0.716338E+07
  0.127253E-04  0.716335E+07  0.716335E+07  0.954874E+07  0.954866E+07  0.716831E+07  0.716335E+07  0.976670E+00  0.716337E+07
  0.140513E-04  0.716335E+07  0.716335E+07  0.954822E+07  0.954812E+07  0.716830E+07  0.716335E+07  0.976670E+00  0.716337E+07
  0.155156E-04  0.716335E+07  0.716335E+07  0.954757E+07  0.954745E+07  0.716829E+07  0.716335E+07  0.976670E+00  0.716337E+07
  0.171324E-04  0.716334E+07  0.716334E+07  0.954679E+07  0.954664E+07  0.716827E+07  0.716334E+07  0.976670E+00  0.716336E+07
  0.189177E-04  0.716334E+07  0.716334E+07  0.954583E+07  0.954565E+07  0.716825E+07  0.716334E+07  0.976670E+00  0.716336E+07
  0.208890E-04  0.716333E+07  0.716333E+07  0.954467E+07  0.954444E+07  0.716822E+07  0.716333E+07  0.976670E+00  0.716336E+07
  0.230658E-04  0.716333E+07  0.716333E+07  0.954325E+07  0.954298E+07  0.716819E+07  0.716333E+07  0.976669E+00  0.716335E+07
  0.254694E-04  0.716332E+07  0.716332E+07  0.954152E+07  0.954118E+07  0.716815E+07  0.716332E+07  0.976669E+00  0.716334E+07
  0.281235E-04  0.716331E+07  0.716331E+07  0.953940E+07  0.953900E+07  0.716811E+07  0.716331E+07  0.976669E+00  0.716333E+07
  0.310541E-04  0.716330E+07  0.716330E+07  0.953683E+07  0.953634E+07  0.716805E+07  0.716330E+07  0.976668E+00  0.716332E+07
  0.342901E-04  0.716328E+07  0.716328E+07  0.953369E+07  0.953309E+07  0.716798E+07  0.716328E+07  0.976668E+00  0.716330E+07
  0.378634E-04  0.716327E+07  0.716326E+07  0.952987E+07  0.952913E+07  0.716789E+07  0.716327E+07  0.976667E+00  0.716329E+07
  0.418090E-04  0.716325E+07  0.716324E+07  0.952520E+07  0.952431E+07  0.716779E+07  0.716324E+07  0.976667E+00  0.716326E+07
  0.461658E-04  0.716322E+07  0.716322E+07  0.951952E+07  0.951844E+07  0.716766E+07  0.716322E+07  0.976666E+00  0.716324E+07
  0.509765E-04  0.716319E+07  0.716318E+07  0.951260E+07  0.951128E+07  0.716751E+07  0.716319E+07  0.976665E+00  0.716321E+07
  0.562886E-04  0.716315E+07  0.716314E+07  0.950417E+07  0.950256E+07  0.716732E+07  0.716315E+07  0.976663E+00  0.716317E+07
  0.621542E-04  0.716310E+07  0.716309E+07  0.949390E+07  0.949193E+07  0.716709E+07  0.716310E+07  0.976662E+00  0.716312E+07
  0.686311E-04  0.716304E+07  0.716304E+07  0.948139E+07  0.947899E+07  0.716681E+07  0.716304E+07  0.976660E+00  0.716306E+07
  0.757829E-04  0.716298E+07  0.716296E+07  0.946615E+07  0.946324E+07  0.716647E+07  0.716297E+07  0.976657E+00  0.716299E+07
  0.836799E-04  0.716289E+07  0.716288E+07  0.944761E+07  0.944406E+07  0.716605E+07  0.716289E+07  0.976655E+00  0.716290E+07
  0.923999E-04  0.716279E+07  0.716277E+07  0.942505E+07  0.942074E+07  0.716555E+07  0.716278E+07  0.976651E+00  0.716280E+07
  0.102029E-03  0.716266E+07  0.716264E+07  0.939762E+07  0.939236E+07  0.716493E+07  0.716266E+07  0.976647E+00  0.716267E+07
  0.112661E-03  0.716251E+07  0.716248E+07  0.936427E+07  0.935788E+07  0.716418E+07  0.716250E+07  0.976642E+00  0.716251E+07
  0.124400E-03  0.716232E+07  0.716228E+07  0.932376E+07  0.931600E+07  0.716326E+07  0.716232E+07  0.976635E+00  0.716232E+07
  0.137364E-03  0.716209E+07  0.716205E+07  0.927460E+07  0.926517E+07  0.716214E+07  0.716209E+07  0.976628E+00  0.716208E+07
  0.151678E-03  0.716181E+07  0.716176E+07  0.921500E+07  0.920355E+07  0.716078E+07  0.716181E+07  0.976618E+00  0.716180E+07
  0.167484E-03  0.716147E+07  0.716141E+07  0.914282E+07  0.912894E+07  0.715912E+07  0.716147E+07  0.976607E+00  0.716145E+07
  0.184937E-03  0.716106E+07  0.716099E+07  0.905554E+07  0.903875E+07  0.715710E+07  0.716106E+07  0.976593E+00  0.716103E+07
  0.204208E-03  0.716055E+07  0.716047E+07  0.895022E+07  0.892991E+07  0.715463E+07  0.716055E+07  0.976577E+00  0.716051E+07
  0.225488E-03  0.715994E+07  0.715984E+07  0.882339E+07  0.879889E+07  0.715164E+07  0.715994E+07  0.976556E+00  0.715989E+07
  0.248985E-03  0.715920E+07  0.715907E+07  0.867109E+07  0.864161E+07  0.714799E+07  0.715919E+07  0.976532E+00  0.715913E+07
  0.274931E-03  0.715829E+07  0.715814E+07  0.848883E+07  0.845344E+07  0.714355E+07  0.715829E+07  0.976503E+00  0.715820E+07
  0.303581E-03  0.715719E+07  0.715700E+07  0.827160E+07  0.822927E+07  0.713815E+07  0.715719E+07  0.976468E+00  0.715708E+07
  0.335216E-03  0.715585E+07  0.715563E+07  0.801401E+07  0.796360E+07  0.713158E+07  0.715585E+07  0.976426E+00  0.715571E+07
  0.370147E-03  0.715423E+07  0.715396E+07  0.771047E+07  0.765073E+07  0.712361E+07  0.715423E+07  0.976376E+00  0.715406E+07
  0.408719E-03  0.715226E+07  0.715194E+07  0.735551E+07  0.728517E+07  0.711394E+07  0.715226E+07  0.976317E+00  0.715205E+07
  0.451310E-03  0.714988E+07  0.714949E+07  0.694433E+07  0.686213E+07  0.710221E+07  0.714988E+07  0.976247E+00  0.714962E+07
  0.498339E-03  0.714701E+07  0.714654E+07  0.647355E+07  0.637840E+07  0.708800E+07  0.714701E+07  0.976165E+00  0.714668E+07
  0.550269E-03  0.714354E+07  0.714299E+07  0.594229E+07  0.583340E+07  0.707083E+07  0.714354E+07  0.976070E+00  0.714314E+07
  0.607611E-03  0.713936E+07  0.713871E+07  0.535349E+07  0.523060E+07  0.705009E+07  0.713936E+07  0.975961E+00  0.713888E+07
  0.670928E-03  0.713435E+07  0.713359E+07  0.471545E+07  0.457909E+07  0.702512E+07  0.713435E+07  0.975838E+00  0.713377E+07
  0.740842E-03  0.712834E+07  0.712746E+07  0.404338E+07  0.389517E+07  0.699511E+07  0.712834E+07  0.975701E+00  0.712764E+07
  0.818043E-03  0.712118E+07  0.712016E+07  0.336047E+07  0.320335E+07  0.695912E+07  0.712118E+07  0.975552E+00  0.712033E+07
  0.903288E-03  0.711266E+07  0.711150E+07  0.269774E+07  0.253614E+07  0.691624E+07  0.711266E+07  0.975393E+00  0.711165E+07
  0.997416E-03  0.710258E+07  0.710127E+07  0.209184E+07  0.193151E+07  0.686528E+07  0.710258E+07  0.975227E+00  0.710137E+07
  0.110135E-02  0.709070E+07  0.708924E+07  0.157960E+07  0.142711E+07  0.680504E+07  0.709070E+07  0.975062E+00  0.708926E+07
  0.121612E-02  0.707677E+07  0.707518E+07  0.118922E+07  0.105098E+07  0.673427E+07  0.707676E+07  0.974901E+00  0.707507E+07
  0.134285E-02  0.706051E+07  0.705882E+07  0.929356E+06  0.810287E+06  0.665177E+07  0.706051E+07  0.974751E+00  0.705852E+07
  0.148278E-02  0.704164E+07  0.703986E+07  0.780399E+06  0.682746E+06  0.655677E+07  0.704164E+07  0.974616E+00  0.703931E+07
  0.163730E-02  0.701985E+07  0.701801E+07  0.695170E+06  0.618144E+06  0.644843E+07  0.701985E+07  0.974495E+00  0.701714E+07
  0.180791E-02  0.699478E+07  0.699291E+07  0.615871E+06  0.556713E+06  0.632627E+07  0.699478E+07  0.974387E+00  0.699166E+07
  0.199631E-02  0.696608E+07  0.696417E+07  0.505541E+06  0.461626E+06  0.619021E+07  0.696608E+07  0.974284E+00  0.696249E+07
  0.220434E-02  0.693333E+07  0.693137E+07  0.374632E+06  0.344769E+06  0.604072E+07  0.693332E+07  0.974183E+00  0.692924E+07
  0.243404E-02  0.689609E+07  0.689406E+07  0.270887E+06  0.253782E+06  0.587883E+07  0.689609E+07  0.974082E+00  0.689147E+07
  0.268769E-02  0.685394E+07  0.685178E+07  0.223987E+06  0.215239E+06  0.570604E+07  0.685394E+07  0.973985E+00  0.684874E+07
  0.296776E-02  0.680639E+07  0.680406E+07  0.202377E+06  0.000000E+00  0.552404E+07  0.680639E+07  0.973892E+00  0.680060E+07
  0.327702E-02  0.675300E+07  0.675044E+07  0.160477E+06  0.000000E+00  0.533432E+07  0.675300E+07  0.973802E+00  0.674659E+07
  0.361851E-02  0.669328E+07  0.669047E+07  0.118317E+06  0.000000E+00  0.513780E+07  0.669328E+07  0.973715E+00  0.668626E+07
  0.399558E-02  0.662677E+07  0.662367E+07  0.107044E+06  0.000000E+00  0.493465E+07  0.662676E+07  0.973632E+00  0.661912E+07
  0.441194E-02  0.655298E+07  0.654955E+07  0.882409E+05  0.000000E+00  0.472461E+07  0.655297E+07  0.973552E+00  0.654470E+07
  0.487169E-02  0.647143E+07  0.646759E+07  0.656874E+05  0.000000E+00  0.450763E+07  0.647143E+07  0.973473E+00  0.646252E+07
  0.537935E-02  0.638165E+07  0.637729E+07  0.605782E+05  0.000000E+00  0.428392E+07  0.638165E+07  0.973396E+00  0.637209E+07
  0.593992E-02  0.628334E+07  0.627837E+07  0.426247E+05  0.000000E+00  0.403706E+07  0.628334E+07  0.973313E+00  0.627305E+07
  0.655889E-02  0.617562E+07  0.616993E+07  0.367617E+05  0.000000E+00  0.379106E+07  0.617562E+07  0.973233E+00  0.616464E+07
  0.724237E-02  0.605819E+07  0.605162E+07  0.280849E+05  0.000000E+00  0.353621E+07  0.605819E+07  0.973150E+00  0.604648E+07
  0.799707E-02  0.593043E+07  0.592282E+07  0.219075E+05  0.000000E+00  0.327698E+07  0.593043E+07  0.973066E+00  0.591800E+07
  0.883042E-02  0.579204E+07  0.578319E+07  0.196977E+05  0.000000E+00  0.302155E+07  0.579204E+07  0.972983E+00  0.577893E+07
  0.975060E-02  0.564253E+07  0.563223E+07  0.144438E+05  0.000000E+00  0.277051E+07  0.564253E+07  0.972904E+00  0.562876E+07
  0.107667E-01  0.548138E+07  0.546936E+07  0.114079E+05  0.000000E+00  0.252051E+07  0.548138E+07  0.972827E+00  0.546696E+07
  0.118886E-01  0.530817E+07  0.529415E+07  0.892313E+04  0.000000E+00  0.227404E+07  0.530817E+07  0.972749E+00  0.529313E+07
  0.131275E-01  0.512248E+07  0.510616E+07  0.700451E+04  0.000000E+00  0.203654E+07  0.512248E+07  0.972673E+00  0.510686E+07
  0.144955E-01  0.492399E+07  0.490503E+07  0.582977E+04  0.000000E+00  0.180956E+07  0.492398E+07  0.972602E+00  0.490783E+07
  0.160060E-01  0.471250E+07  0.469058E+07  0.443421E+04  0.000000E+00  0.159214E+07  0.471250E+07  0.972532E+00  0.469586E+07
  0.176739E-01  0.448806E+07  0.446286E+07  0.331505E+04  0.000000E+00  0.138807E+07  0.448806E+07  0.972466E+00  0.447099E+07
  0.195156E-01  0.425105E+07  0.422231E+07  0.264007E+04  0.000000E+00  0.119792E+07  0.425105E+07  0.972403E+00  0.423362E+07
  0.215493E-01  0.400238E+07  0.396993E+07  0.222242E+04  0.000000E+00  0.102272E+07  0.400238E+07  0.972344E+00  0.398468E+07
  0.237949E-01  0.374369E+07  0.370752E+07  0.166141E+04  0.000000E+00  0.863344E+06  0.374369E+07  0.972289E+00  0.372583E+07
  0.262744E-01  0.347760E+07  0.343794E+07  0.120492E+04  0.000000E+00  0.720559E+06  0.347760E+07  0.972238E+00  0.345971E+07
  0.290124E-01  0.320792E+07  0.316531E+07  0.836624E+03  0.000000E+00  0.594366E+06  0.320791E+07  0.972190E+00  0.319017E+07
  0.320357E-01  0.293976E+07  0.289513E+07  0.753415E+03  0.000000E+00  0.484905E+06  0.293975E+07  0.972147E+00  0.292237E+07
  0.353740E-01  0.267946E+07  0.263419E+07  0.560838E+03  0.000000E+00  0.391812E+06  0.267946E+07  0.972107E+00  0.266268E+07
  0.390602E-01  0.243410E+07  0.238996E+07  0.368700E+03  0.000000E+00  0.314206E+06  0.243410E+07  0.972072E+00  0.241821E+07
  0.431305E-01  0.221048E+07  0.216948E+07  0.284634E+03  0.000000E+00  0.250889E+06  0.221047E+07  0.972039E+00  0.219576E+07
  0.474435E-01  0.201989E+07  0.198380E+07  0.000000E+00  0.000000E+00  0.201850E+06  0.201989E+07  0.972011E+00  0.200654E+07
  0.517566E-01  0.186980E+07  0.183941E+07  0.000000E+00  0.000000E+00  0.165865E+06  0.186980E+07  0.971989E+00  0.185783E+07
  0.560696E-01  0.174776E+07  0.172305E+07  0.000000E+00  0.000000E+00  0.138610E+06  0.174776E+07  0.971970E+00  0.173708E+07
  0.603827E-01  0.164442E+07  0.162467E+07  0.000000E+00  0.000000E+00  0.117328E+06  0.164442E+07  0.971954E+00  0.163486E+07
  0.646957E-01  0.155236E+07  0.153639E+07  0.000000E+00  0.000000E+00  0.100196E+06  0.155236E+07  0.971940E+00  0.154371E+07
  0.690088E-01  0.146546E+07  0.145186E+07  0.000000E+00  0.000000E+00  0.859836E+05  0.146546E+07  0.971928E+00  0.145749E+07
  0.733218E-01  0.137997E+07  0.136737E+07  0.000000E+00  0.000000E+00  0.739266E+05  0.137996E+07  0.971918E+00  0.137246E+07
  0.776349E-01  0.129463E+07  0.128192E+07  0.000000E+00  0.000000E+00  0.635753E+05  0.129463E+07  0.971909E+00  0.128743E+07
  0.819479E-01  0.121065E+07  0.119710E+07  0.000000E+00  0.000000E+00  0.546963E+05  0.121065E+07  0.971902E+00  0.120363E+07
  0.862610E-01  0.113011E+07  0.111542E+07  0.000000E+00  0.000000E+00  0.471347E+05  0.113011E+07  0.971895E+00  0.112323E+07
  0.905740E-01  0.105517E+07  0.103945E+07  0.000000E+00  0.000000E+00  0.407519E+05  0.105516E+07  0.971889E+00  0.104841E+07
  0.970275E-01  0.957112E+06  0.940732E+06  0.000000E+00  0.000000E+00  0.331272E+05  0.957110E+06  0.971881E+00  0.950634E+06
  0.103481E+00  0.878822E+06  0.863179E+06  0.000000E+00  0.000000E+00  0.333476E+05  0.878819E+06  0.971888E+00  0.872791E+06
  0.109934E+00  0.819607E+06  0.805912E+06  0.000000E+00  0.000000E+00  0.283317E+05  0.819604E+06  0.971882E+00  0.814111E+06
  0.116388E+00  0.774471E+06  0.763288E+06  0.000000E+00  0.000000E+00  0.244979E+05  0.774468E+06  0.971876E+00  0.769543E+06
  0.122841E+00  0.736671E+06  0.727801E+06  0.000000E+00  0.000000E+00  0.214082E+05  0.736669E+06  0.971871E+00  0.732253E+06
  0.129295E+00  0.700228E+06  0.692901E+06  0.000000E+00  0.000000E+00  0.187594E+05  0.700225E+06  0.971866E+00  0.696195E+06
  0.135748E+00  0.661426E+06  0.654674E+06  0.000000E+00  0.000000E+00  0.163856E+05  0.661423E+06  0.971863E+00  0.657637E+06
  0.142201E+00  0.620018E+06  0.613047E+06  0.000000E+00  0.000000E+00  0.142439E+05  0.620015E+06  0.971859E+00  0.616361E+06
  0.148655E+00  0.578524E+06  0.570954E+06  0.000000E+00  0.000000E+00  0.123576E+05  0.578520E+06  0.971856E+00  0.574940E+06
  0.155108E+00  0.539942E+06  0.531852E+06  0.000000E+00  0.000000E+00  0.107515E+05  0.539938E+06  0.971853E+00  0.536434E+06
  0.161562E+00  0.506547E+06  0.498338E+06  0.000000E+00  0.000000E+00  0.942638E+04  0.506543E+06  0.971851E+00  0.503156E+06
  0.168015E+00  0.479512E+06  0.471694E+06  0.000000E+00  0.000000E+00  0.835934E+04  0.479508E+06  0.971848E+00  0.476292E+06
  0.174468E+00  0.458310E+06  0.451281E+06  0.000000E+00  0.000000E+00  0.750158E+04  0.458306E+06  0.971846E+00  0.455300E+06
  0.180922E+00  0.440920E+06  0.434835E+06  0.000000E+00  0.000000E+00  0.678996E+04  0.440915E+06  0.971845E+00  0.438128E+06
  0.187375E+00  0.425028E+06  0.419781E+06  0.000000E+00  0.000000E+00  0.616926E+04  0.425022E+06  0.971843E+00  0.422432E+06
  0.193829E+00  0.408894E+06  0.404197E+06  0.000000E+00  0.000000E+00  0.560313E+04  0.408889E+06  0.971841E+00  0.406451E+06
  0.200282E+00  0.391653E+06  0.387166E+06  0.000000E+00  0.000000E+00  0.507444E+04  0.391647E+06  0.971840E+00  0.389313E+06
  0.206735E+00  0.373453E+06  0.368910E+06  0.000000E+00  0.000000E+00  0.458135E+04  0.373447E+06  0.971839E+00  0.371179E+06
  0.213189E+00  0.355209E+06  0.350491E+06  0.000000E+00  0.000000E+00  0.413157E+04  0.355202E+06  0.971837E+00  0.352983E+06
  0.219642E+00  0.338023E+06  0.333168E+06  0.000000E+00  0.000000E+00  0.373287E+04  0.338016E+06  0.971836E+00  0.335847E+06
  0.226096E+00  0.322772E+06  0.317926E+06  0.000000E+00  0.000000E+00  0.338890E+04  0.322765E+06  0.971835E+00  0.320660E+06
  0.232549E+00  0.309866E+06  0.305208E+06  0.000000E+00  0.000000E+00  0.309723E+04  0.309858E+06  0.971834E+00  0.307837E+06
  0.239003E+00  0.299073E+06  0.294741E+06  0.000000E+00  0.000000E+00  0.284947E+04  0.299064E+06  0.971834E+00  0.297139E+06
  0.245456E+00  0.289661E+06  0.285707E+06  0.000000E+00  0.000000E+00  0.263375E+04  0.289652E+06  0.971833E+00  0.287826E+06
  0.251909E+00  0.280822E+06  0.277208E+06  0.000000E+00  0.000000E+00  0.243929E+04  0.280812E+06  0.971832E+00  0.279076E+06
  0.258363E+00  0.271960E+06  0.268586E+06  0.000000E+00  0.000000E+00  0.225898E+04  0.271949E+06  0.971831E+00  0.270289E+06
  0.264816E+00  0.262781E+06  0.259528E+06  0.000000E+00  0.000000E+00  0.208908E+04  0.262770E+06  0.971831E+00  0.261166E+06
  0.271270E+00  0.253322E+06  0.250094E+06  0.000000E+00  0.000000E+00  0.192919E+04  0.253310E+06  0.971830E+00  0.251751E+06
  0.277723E+00  0.243902E+06  0.240654E+06  0.000000E+00  0.000000E+00  0.178081E+04  0.243889E+06  0.971829E+00  0.242367E+06
  0.284176E+00  0.234935E+06  0.231677E+06  0.000000E+00  0.000000E+00  0.164603E+04  0.234922E+06  0.971829E+00  0.233436E+06
  0.290630E+00  0.226736E+06  0.223514E+06  0.000000E+00  0.000000E+00  0.152565E+04  0.226722E+06  0.971828E+00  0.225276E+06
  0.297083E+00  0.219424E+06  0.216299E+06  0.000000E+00  0.000000E+00  0.141914E+04  0.219410E+06  0.971828E+00  0.218010E+06
  0.303537E+00  0.212926E+06  0.209946E+06  0.000000E+00  0.000000E+00  0.132475E+04  0.212911E+06  0.971827E+00  0.211562E+06
  0.309990E+00  0.207022E+06  0.204208E+06  0.000000E+00  0.000000E+00  0.123995E+04  0.207006E+06  0.971827E+00  0.205709E+06
  0.316443E+00  0.201442E+06  0.198781E+06  0.000000E+00  0.000000E+00  0.116228E+04  0.201425E+06  0.971826E+00  0.200176E+06
  0.322897E+00  0.195956E+06  0.193416E+06  0.000000E+00  0.000000E+00  0.108990E+04  0.195938E+06  0.971826E+00  0.194732E+06
  0.329350E+00  0.190441E+06  0.187980E+06  0.000000E+00  0.000000E+00  0.102172E+04  0.190423E+06  0.971826E+00  0.189252E+06
  0.335804E+00  0.184896E+06  0.182478E+06  0.000000E+00  0.000000E+00  0.957356E+03  0.184876E+06  0.971825E+00  0.183737E+06
  0.342257E+00  0.179415E+06  0.177022E+06  0.000000E+00  0.000000E+00  0.897140E+03  0.179394E+06  0.971825E+00  0.178283E+06
  0.348711E+00  0.174139E+06  0.171770E+06  0.000000E+00  0.000000E+00  0.841396E+03  0.174117E+06  0.971824E+00  0.173032E+06
  0.355164E+00  0.169185E+06  0.166854E+06  0.000000E+00  0.000000E+00  0.790337E+03  0.169163E+06  0.971824E+00  0.168105E+06
  0.361617E+00  0.164599E+06  0.162324E+06  0.000000E+00  0.000000E+00  0.743830E+03  0.164575E+06  0.971824E+00  0.163547E+06
  0.368071E+00  0.160357E+06  0.158156E+06  0.000000E+00  0.000000E+00  0.701407E+03  0.160333E+06  0.971824E+00  0.159334E+06
  0.374524E+00  0.156398E+06  0.154279E+06  0.000000E+00  0.000000E+00  0.662475E+03  0.156373E+06  0.971823E+00  0.155405E+06
  0.380978E+00  0.152632E+06  0.150591E+06  0.000000E+00  0.000000E+00  0.626417E+03  0.152606E+06  0.971823E+00  0.151667E+06
  0.387431E+00  0.148966E+06  0.146993E+06  0.000000E+00  0.000000E+00  0.592645E+03  0.148938E+06  0.971823E+00  0.148026E+06
  0.393884E+00  0.145347E+06  0.143427E+06  0.000000E+00  0.000000E+00  0.560764E+03  0.145318E+06  0.971822E+00  0.144431E+06
  0.400338E+00  0.141777E+06  0.139896E+06  0.000000E+00  0.000000E+00  0.530709E+03  0.141746E+06  0.971822E+00  0.140881E+06
  0.406791E+00  0.138277E+06  0.136428E+06  0.000000E+00  0.000000E+00  0.502412E+03  0.138246E+06  0.971822E+00  0.137401E+06
  0.413245E+00  0.134881E+06  0.133061E+06  0.000000E+00  0.000000E+00  0.475867E+03  0.134848E+06  0.971822E+00  0.134024E+06
  0.419698E+00  0.131627E+06  0.129840E+06  0.000000E+00  0.000000E+00  0.451135E+03  0.131594E+06  0.971821E+00  0.130789E+06
  0.426151E+00  0.128545E+06  0.126795E+06  0.000000E+00  0.000000E+00  0.428169E+03  0.128509E+06  0.971821E+00  0.127725E+06
  0.432605E+00  0.125628E+06  0.123922E+06  0.000000E+00  0.000000E+00  0.406834E+03  0.125592E+06  0.971821E+00  0.124827E+06
  0.439058E+00  0.122854E+06  0.121193E+06  0.000000E+00  0.000000E+00  0.386957E+03  0.122816E+06  0.971821E+00  0.122072E+06
  0.445512E+00  0.120192E+06  0.118577E+06  0.000000E+00  0.000000E+00  0.368352E+03  0.120153E+06  0.971821E+00  0.119429E+06
  0.451965E+00  0.117614E+06  0.116040E+06  0.000000E+00  0.000000E+00  0.350827E+03  0.117573E+06  0.971820E+00  0.116868E+06
  0.458419E+00  0.115095E+06  0.113558E+06  0.000000E+00  0.000000E+00  0.334276E+03  0.115053E+06  0.971820E+00  0.114365E+06
  0.464872E+00  0.112627E+06  0.111122E+06  0.000000E+00  0.000000E+00  0.318599E+03  0.112583E+06  0.971820E+00  0.111912E+06
  0.471325E+00  0.110216E+06  0.108739E+06  0.000000E+00  0.000000E+00  0.303765E+03  0.110171E+06  0.971820E+00  0.109516E+06
  0.477779E+00  0.107873E+06  0.106421E+06  0.000000E+00  0.000000E+00  0.289766E+03  0.107826E+06  0.971819E+00  0.107186E+06
  0.484232E+00  0.105606E+06  0.104181E+06  0.000000E+00  0.000000E+00  0.276571E+03  0.105558E+06  0.971819E+00  0.104933E+06
  0.490686E+00  0.103425E+06  0.102027E+06  0.000000E+00  0.000000E+00  0.264153E+03  0.103375E+06  0.971819E+00  0.102765E+06
  0.497139E+00  0.101331E+06  0.999610E+05  0.000000E+00  0.000000E+00  0.252471E+03  0.101279E+06  0.971819E+00  0.100684E+06
  0.503592E+00  0.993162E+05  0.979760E+05  0.000000E+00  0.000000E+00  0.241476E+03  0.992634E+05  0.971819E+00  0.986823E+05
  0.510046E+00  0.973696E+05  0.960586E+05  0.000000E+00  0.000000E+00  0.231085E+03  0.973152E+05  0.971819E+00  0.967484E+05
  0.516499E+00  0.954811E+05  0.941980E+05  0.000000E+00  0.000000E+00  0.221253E+03  0.954250E+05  0.971818E+00  0.948721E+05
  0.522953E+00  0.936435E+05  0.923864E+05  0.000000E+00  0.000000E+00  0.211925E+03  0.935857E+05  0.971818E+00  0.930462E+05
  0.529406E+00  0.918497E+05  0.906166E+05  0.000000E+00  0.000000E+00  0.203070E+03  0.917901E+05  0.971818E+00  0.912635E+05
  0.535859E+00  0.900975E+05  0.888867E+05  0.000000E+00  0.000000E+00  0.194651E+03  0.900361E+05  0.971818E+00  0.895220E+05
  0.542313E+00  0.883906E+05  0.872009E+05  0.000000E+00  0.000000E+00  0.186649E+03  0.883274E+05  0.971817E+00  0.878255E+05
  0.548766E+00  0.867328E+05  0.855638E+05  0.000000E+00  0.000000E+00  0.179059E+03  0.866678E+05  0.971817E+00  0.861777E+05
  0.555220E+00  0.851244E+05  0.839760E+05  0.000000E+00  0.000000E+00  0.171855E+03  0.850576E+05  0.971817E+00  0.845792E+05
  0.561673E+00  0.835650E+05  0.824373E+05  0.000000E+00  0.000000E+00  0.165020E+03  0.834963E+05  0.971817E+00  0.830294E+05
  0.568127E+00  0.820540E+05  0.809471E+05  0.000000E+00  0.000000E+00  0.158530E+03  0.819835E+05  0.971817E+00  0.815279E+05
  0.574580E+00  0.805880E+05  0.795016E+05  0.000000E+00  0.000000E+00  0.152367E+03  0.805156E+05  0.971816E+00  0.800712E+05
  0.581033E+00  0.791616E+05  0.780952E+05  0.000000E+00  0.000000E+00  0.146500E+03  0.790873E+05  0.971816E+00  0.786538E+05
  0.587487E+00  0.777710E+05  0.767237E+05  0.000000E+00  0.000000E+00  0.140914E+03  0.776946E+05  0.971816E+00  0.772718E+05
  0.593940E+00  0.764145E+05  0.753855E+05  0.000000E+00  0.000000E+00  0.135580E+03  0.763362E+05  0.971816E+00  0.759238E+05
  0.600394E+00  0.750907E+05  0.740792E+05  0.000000E+00  0.000000E+00  0.130492E+03  0.750104E+05  0.971816E+00  0.746082E+05
  0.606847E+00  0.737981E+05  0.728034E+05  0.000000E+00  0.000000E+00  0.125642E+03  0.737158E+05  0.971815E+00  0.733234E+05
  0.613300E+00  0.725374E+05  0.715590E+05  0.000000E+00  0.000000E+00  0.121005E+03  0.724530E+05  0.971815E+00  0.720704E+05
  0.619754E+00  0.713095E+05  0.703471E+05  0.000000E+00  0.000000E+00  0.116583E+03  0.712230E+05  0.971815E+00  0.708500E+05
  0.626207E+00  0.701137E+05  0.691671E+05  0.000000E+00  0.000000E+00  0.112366E+03  0.700252E+05  0.971815E+00  0.696616E+05
  0.673613E+00  0.621834E+05  0.613433E+05  0.000000E+00  0.000000E+00  0.865622E+02  0.620790E+05  0.971813E+00  0.617801E+05
  0.724609E+00  0.550259E+05  0.542808E+05  0.000000E+00  0.000000E+00  0.664942E+02  0.549035E+05  0.971811E+00  0.546662E+05
  0.779464E+00  0.485692E+05  0.479097E+05  0.000000E+00  0.000000E+00  0.509250E+02  0.484271E+05  0.971808E+00  0.482485E+05
  0.838472E+00  0.427463E+05  0.421639E+05  0.000000E+00  0.000000E+00  0.388696E+02  0.425830E+05  0.971805E+00  0.424605E+05
  0.901948E+00  0.375015E+05  0.369883E+05  0.000000E+00  0.000000E+00  0.295596E+02  0.373164E+05  0.971800E+00  0.372469E+05
  0.970229E+00  0.327924E+05  0.323414E+05  0.000000E+00  0.000000E+00  0.223972E+02  0.325860E+05  0.971794E+00  0.325657E+05
  0.104368E+01  0.285887E+05  0.281934E+05  0.000000E+00  0.000000E+00  0.169134E+02  0.283632E+05  0.971786E+00  0.283869E+05
  0.108310E+01  0.266407E+05  0.262713E+05  0.000000E+00  0.000000E+00  0.146505E+02  0.264066E+05  0.971781E+00  0.264505E+05
  0.113863E+01  0.242110E+05  0.238740E+05  0.000000E+00  0.000000E+00  0.120631E+02  0.239669E+05  0.971773E+00  0.240353E+05
  0.119701E+01  0.220053E+05  0.216980E+05  0.000000E+00  0.000000E+00  0.993251E+01  0.217527E+05  0.971764E+00  0.218428E+05
  0.125838E+01  0.200186E+05  0.197382E+05  0.000000E+00  0.000000E+00  0.818410E+01  0.197586E+05  0.971752E+00  0.198681E+05
  0.132290E+01  0.182405E+05  0.179845E+05  0.000000E+00  0.000000E+00  0.675412E+01  0.179728E+05  0.971738E+00  0.181007E+05
  0.139073E+01  0.166539E+05  0.164197E+05  0.000000E+00  0.000000E+00  0.558432E+01  0.163767E+05  0.971721E+00  0.165234E+05
  0.146203E+01  0.152328E+05  0.150181E+05  0.000000E+00  0.000000E+00  0.462476E+01  0.149427E+05  0.971700E+00  0.151103E+05
  0.153699E+01  0.139443E+05  0.137471E+05  0.000000E+00  0.000000E+00  0.383282E+01  0.136372E+05  0.971675E+00  0.138286E+05
  0.161579E+01  0.127554E+05  0.125741E+05  0.000000E+00  0.000000E+00  0.317380E+01  0.124284E+05  0.971645E+00  0.126456E+05
  0.169864E+01  0.116433E+05  0.114766E+05  0.000000E+00  0.000000E+00  0.262221E+01  0.112962E+05  0.971608E+00  0.115388E+05
  0.178573E+01  0.106030E+05  0.104500E+05  0.000000E+00  0.000000E+00  0.216114E+01  0.102384E+05  0.971564E+00  0.105035E+05
  0.187729E+01  0.964520E+04  0.950511E+04  0.000000E+00  0.000000E+00  0.177905E+01  0.926597E+04  0.971511E+00  0.955060E+04
  0.197353E+01  0.878074E+04  0.865262E+04  0.000000E+00  0.000000E+00  0.146555E+01  0.838656E+04  0.971447E+00  0.869042E+04
  0.207472E+01  0.800250E+04  0.788521E+04  0.000000E+00  0.000000E+00  0.120830E+01  0.759005E+04  0.971370E+00  0.791565E+04
  0.218109E+01  0.728933E+04  0.718174E+04  0.000000E+00  0.000000E+00  0.995731E+00  0.685741E+04  0.971278E+00  0.720537E+04
  0.229292E+01  0.663023E+04  0.653151E+04  0.000000E+00  0.000000E+00  0.819158E+00  0.618194E+04  0.971167E+00  0.654908E+04
  0.241048E+01  0.603169E+04  0.594127E+04  0.000000E+00  0.000000E+00  0.673987E+00  0.556799E+04  0.971035E+00  0.595308E+04
  0.253407E+01  0.549124E+04  0.540847E+04  0.000000E+00  0.000000E+00  0.554899E+00  0.500953E+04  0.970878E+00  0.541461E+04
  0.266399E+01  0.499496E+04  0.491908E+04  0.000000E+00  0.000000E+00  0.456335E+00  0.449737E+04  0.970692E+00  0.492018E+04
  0.280058E+01  0.454323E+04  0.447365E+04  0.000000E+00  0.000000E+00  0.375267E+00  0.403105E+04  0.970470E+00  0.447012E+04
  0.294417E+01  0.413372E+04  0.407002E+04  0.000000E+00  0.000000E+00  0.308604E+00  0.360598E+04  0.970210E+00  0.406196E+04
  0.309512E+01  0.375953E+04  0.370114E+04  0.000000E+00  0.000000E+00  0.253681E+00  0.321919E+04  0.969903E+00  0.368912E+04
  0.325381E+01  0.341999E+04  0.336649E+04  0.000000E+00  0.000000E+00  0.208522E+00  0.286659E+04  0.969545E+00  0.335069E+04
  0.342063E+01  0.311090E+04  0.306189E+04  0.000000E+00  0.000000E+00  0.171354E+00  0.254705E+04  0.969126E+00  0.304274E+04
  0.359601E+01  0.282972E+04  0.278482E+04  0.000000E+00  0.000000E+00  0.140813E+00  0.225642E+04  0.968642E+00  0.276260E+04
  0.378039E+01  0.257443E+04  0.253330E+04  0.000000E+00  0.000000E+00  0.115692E+00  0.199323E+04  0.968083E+00  0.250832E+04
  0.397421E+01  0.234222E+04  0.230455E+04  0.000000E+00  0.000000E+00  0.950384E-01  0.175546E+04  0.967439E+00  0.227717E+04
  0.417797E+01  0.213114E+04  0.209662E+04  0.000000E+00  0.000000E+00  0.780831E-01  0.154081E+04  0.966705E+00  0.206718E+04
  0.439218E+01  0.193945E+04  0.190783E+04  0.000000E+00  0.000000E+00  0.641485E-01  0.134753E+04  0.965873E+00  0.187661E+04
  0.461737E+01  0.176527E+04  0.173631E+04  0.000000E+00  0.000000E+00  0.526986E-01  0.117394E+04  0.964936E+00  0.170364E+04
  0.485411E+01  0.160701E+04  0.158049E+04  0.000000E+00  0.000000E+00  0.432961E-01  0.101852E+04  0.963886E+00  0.154667E+04
  0.510299E+01  0.146322E+04  0.143893E+04  0.000000E+00  0.000000E+00  0.355657E-01  0.879820E+03  0.962722E+00  0.140426E+04
  0.536462E+01  0.133255E+04  0.131031E+04  0.000000E+00  0.000000E+00  0.292235E-01  0.756634E+03  0.961439E+00  0.127510E+04
  0.563967E+01  0.121383E+04  0.119347E+04  0.000000E+00  0.000000E+00  0.240200E-01  0.647559E+03  0.960034E+00  0.115799E+04
  0.592883E+01  0.110592E+04  0.108727E+04  0.000000E+00  0.000000E+00  0.197413E-01  0.551411E+03  0.958514E+00  0.105179E+04
  0.623281E+01  0.100784E+04  0.990764E+03  0.000000E+00  0.000000E+00  0.162288E-01  0.467056E+03  0.956883E+00  0.955519E+03
  0.655237E+01  0.918655E+03  0.903023E+03  0.000000E+00  0.000000E+00  0.133420E-01  0.393472E+03  0.955147E+00  0.868249E+03
  0.688831E+01  0.837550E+03  0.823238E+03  0.000000E+00  0.000000E+00  0.109739E-01  0.329623E+03  0.953320E+00  0.789142E+03
  0.724148E+01  0.763764E+03  0.750661E+03  0.000000E+00  0.000000E+00  0.902539E-02  0.274545E+03  0.951416E+00  0.717428E+03
  0.761276E+01  0.696623E+03  0.684627E+03  0.000000E+00  0.000000E+00  0.742764E-02  0.227298E+03  0.949453E+00  0.652414E+03
  0.800308E+01  0.635502E+03  0.624521E+03  0.000000E+00  0.000000E+00  0.611477E-02  0.187060E+03  0.947451E+00  0.593463E+03
  0.841341E+01  0.579848E+03  0.569794E+03  0.000000E+00  0.000000E+00  0.503372E-02  0.153006E+03  0.945433E+00  0.540002E+03
  0.884477E+01  0.529150E+03  0.519946E+03  0.000000E+00  0.000000E+00  0.414581E-02  0.124391E+03  0.943421E+00  0.491505E+03
  0.929825E+01  0.482955E+03  0.474527E+03  0.000000E+00  0.000000E+00  0.341517E-02  0.100507E+03  0.941436E+00  0.447499E+03
  0.977498E+01  0.440845E+03  0.433129E+03  0.000000E+00  0.000000E+00  0.281447E-02  0.807202E+02  0.939503E+00  0.407552E+03
  0.102762E+02  0.402450E+03  0.395384E+03  0.000000E+00  0.000000E+00  0.232100E-02  0.644459E+02  0.937643E+00  0.371277E+03
  0.108030E+02  0.367430E+03  0.360960E+03  0.000000E+00  0.000000E+00  0.191283E-02  0.511507E+02  0.935870E+00  0.338322E+03
  0.113569E+02  0.335481E+03  0.329555E+03  0.000000E+00  0.000000E+00  0.157826E-02  0.403750E+02  0.934202E+00  0.308370E+03
  0.119392E+02  0.306325E+03  0.300898E+03  0.000000E+00  0.000000E+00  0.130182E-02  0.316929E+02  0.932648E+00  0.281134E+03
  0.125513E+02  0.279713E+03  0.274742E+03  0.000000E+00  0.000000E+00  0.107375E-02  0.247541E+02  0.931217E+00  0.256356E+03
  0.131948E+02  0.255418E+03  0.250863E+03  0.000000E+00  0.000000E+00  0.886157E-03  0.192382E+02  0.929914E+00  0.233805E+03
  0.138714E+02  0.233234E+03  0.229061E+03  0.000000E+00  0.000000E+00  0.731300E-03  0.148855E+02  0.928734E+00  0.213272E+03
  0.145826E+02  0.212977E+03  0.209151E+03  0.000000E+00  0.000000E+00  0.603920E-03  0.114680E+02  0.927682E+00  0.194567E+03
  0.153302E+02  0.194475E+03  0.190968E+03  0.000000E+00  0.000000E+00  0.498603E-03  0.880169E+01  0.926749E+00  0.177523E+03
  0.161162E+02  0.177576E+03  0.174360E+03  0.000000E+00  0.000000E+00  0.411680E-03  0.673211E+01  0.925929E+00  0.161985E+03
  0.169425E+02  0.162140E+03  0.159190E+03  0.000000E+00  0.000000E+00  0.339887E-03  0.513182E+01  0.925214E+00  0.147817E+03
  0.178112E+02  0.148040E+03  0.145332E+03  0.000000E+00  0.000000E+00  0.280605E-03  0.390106E+01  0.924589E+00  0.134895E+03
  0.187244E+02  0.135160E+03  0.132674E+03  0.000000E+00  0.000000E+00  0.231835E-03  0.295869E+01  0.924050E+00  0.123105E+03
  0.196844E+02  0.123394E+03  0.121111E+03  0.000000E+00  0.000000E+00  0.191328E-03  0.223865E+01  0.923588E+00  0.112348E+03
  0.206936E+02  0.112645E+03  0.110548E+03  0.000000E+00  0.000000E+00  0.158025E-03  0.169043E+01  0.923189E+00  0.102530E+03
  0.217546E+02  0.102827E+03  0.100899E+03  0.000000E+00  0.000000E+00  0.130530E-03  0.127421E+01  0.922850E+00  0.935687E+02
  0.228700E+02  0.938593E+02  0.920849E+02  0.000000E+00  0.000000E+00  0.107731E-03  0.959247E+00  0.922556E+00  0.853888E+02
  0.240426E+02  0.856680E+02  0.840345E+02  0.000000E+00  0.000000E+00  0.889894E-04  0.721020E+00  0.922301E+00  0.779216E+02
  0.252753E+02  0.781863E+02  0.766814E+02  0.000000E+00  0.000000E+00  0.734805E-04  0.541722E+00  0.922081E+00  0.711045E+02
  0.265712E+02  0.713532E+02  0.699657E+02  0.000000E+00  0.000000E+00  0.606663E-04  0.406275E+00  0.921888E+00  0.648807E+02
  0.279335E+02  0.651129E+02  0.638324E+02  0.000000E+00  0.000000E+00  0.500904E-04  0.304737E+00  0.921718E+00  0.591986E+02
  0.293657E+02  0.594142E+02  0.582314E+02  0.000000E+00  0.000000E+00  0.413428E-04  0.228319E+00  0.921566E+00  0.540111E+02
  0.308713E+02  0.542106E+02  0.531169E+02  0.000000E+00  0.000000E+00  0.341297E-04  0.170874E+00  0.921424E+00  0.492753E+02
  0.324541E+02  0.494592E+02  0.484468E+02  0.000000E+00  0.000000E+00  0.281790E-04  0.127864E+00  0.921297E+00  0.449518E+02
  0.341180E+02  0.451210E+02  0.441828E+02  0.000000E+00  0.000000E+00  0.232610E-04  0.956710E-01  0.921175E+00  0.410050E+02
  0.358673E+02  0.411605E+02  0.402897E+02  0.000000E+00  0.000000E+00  0.192000E-04  0.715916E-01  0.921053E+00  0.374021E+02
  0.377063E+02  0.375449E+02  0.367357E+02  0.000000E+00  0.000000E+00  0.158453E-04  0.535266E-01  0.920936E+00  0.341133E+02
  0.396395E+02  0.342445E+02  0.334915E+02  0.000000E+00  0.000000E+00  0.130633E-04  0.399828E-01  0.920819E+00  0.311115E+02
  0.416719E+02  0.312320E+02  0.305300E+02  0.000000E+00  0.000000E+00  0.107891E-04  0.298674E-01  0.920696E+00  0.283716E+02
  0.438084E+02  0.284824E+02  0.278270E+02  0.000000E+00  0.000000E+00  0.890229E-05  0.223254E-01  0.920565E+00  0.258711E+02
  0.460545E+02  0.259730E+02  0.253600E+02  0.000000E+00  0.000000E+00  0.733311E-05  0.166573E-01  0.920434E+00  0.235890E+02
  0.484158E+02  0.236829E+02  0.231085E+02  0.000000E+00  0.000000E+00  0.605159E-05  0.124386E-01  0.920288E+00  0.215065E+02
  0.508981E+02  0.215933E+02  0.210540E+02  0.000000E+00  0.000000E+00  0.499600E-05  0.930458E-02  0.920135E+00  0.196063E+02
  0.535077E+02  0.196864E+02  0.191791E+02  0.000000E+00  0.000000E+00  0.412317E-05  0.694655E-02  0.919970E+00  0.178723E+02
  0.562511E+02  0.179467E+02  0.174684E+02  0.000000E+00  0.000000E+00  0.340305E-05  0.518150E-02  0.919791E+00  0.162903E+02
  0.591352E+02  0.163594E+02  0.159075E+02  0.000000E+00  0.000000E+00  0.280117E-05  0.386937E-02  0.919589E+00  0.148470E+02
  0.621671E+02  0.149113E+02  0.144835E+02  0.000000E+00  0.000000E+00  0.230797E-05  0.287978E-02  0.919376E+00  0.135302E+02
  0.653545E+02  0.135904E+02  0.131844E+02  0.000000E+00  0.000000E+00  0.190442E-05  0.215444E-02  0.919140E+00  0.123291E+02
  0.687053E+02  0.123855E+02  0.119993E+02  0.000000E+00  0.000000E+00  0.157093E-05  0.160403E-02  0.918881E+00  0.112334E+02
  0.722279E+02  0.112864E+02  0.109183E+02  0.000000E+00  0.000000E+00  0.129593E-05  0.120038E-02  0.918594E+00  0.102340E+02
  0.759311E+02  0.102840E+02  0.993227E+01  0.000000E+00  0.000000E+00  0.106594E-05  0.890940E-03  0.918277E+00  0.932254E+01
  0.798242E+02  0.936985E+01  0.903294E+01  0.000000E+00  0.000000E+00  0.877704E-06  0.666682E-03  0.917930E+00  0.849124E+01
  0.839168E+02  0.853616E+01  0.821274E+01  0.000000E+00  0.000000E+00  0.724277E-06  0.496533E-03  0.917548E+00  0.773314E+01
  0.882193E+02  0.777592E+01  0.746474E+01  0.000000E+00  0.000000E+00  0.597575E-06  0.370363E-03  0.917135E+00  0.704181E+01
  0.927425E+02  0.708268E+01  0.678263E+01  0.000000E+00  0.000000E+00  0.492234E-06  0.276956E-03  0.916672E+00  0.641141E+01
  0.974974E+02  0.645061E+01  0.616066E+01  0.000000E+00  0.000000E+00  0.405444E-06  0.206811E-03  0.916163E+00  0.583663E+01
  0.102496E+03  0.587431E+01  0.559353E+01  0.000000E+00  0.000000E+00  0.333885E-06  0.152565E-03  0.915600E+00  0.531255E+01
  0.107751E+03  0.534891E+01  0.507647E+01  0.000000E+00  0.000000E+00  0.274412E-06  0.114665E-03  0.914989E+00  0.483477E+01
  0.113276E+03  0.486993E+01  0.460507E+01  0.000000E+00  0.000000E+00  0.226359E-06  0.856042E-04  0.914310E+00  0.439919E+01
  0.119084E+03  0.443330E+01  0.417535E+01  0.000000E+00  0.000000E+00  0.186236E-06  0.630710E-04  0.913560E+00  0.400213E+01
  0.125189E+03  0.403531E+01  0.378366E+01  0.000000E+00  0.000000E+00  0.153108E-06  0.472641E-04  0.912739E+00  0.364020E+01
  0.131608E+03  0.367252E+01  0.342664E+01  0.000000E+00  0.000000E+00  0.126398E-06  0.349300E-04  0.911845E+00  0.331030E+01
  0.138355E+03  0.334188E+01  0.310128E+01  0.000000E+00  0.000000E+00  0.103950E-06  0.263817E-04  0.910856E+00  0.300963E+01
  0.145449E+03  0.304053E+01  0.280479E+01  0.000000E+00  0.000000E+00  0.854567E-07  0.192535E-04  0.909766E+00  0.273560E+01
  0.152906E+03  0.276592E+01  0.253466E+01  0.000000E+00  0.000000E+00  0.702462E-07  0.146891E-04  0.908579E+00  0.248589E+01
  0.160746E+03  0.251567E+01  0.228858E+01  0.000000E+00  0.000000E+00  0.578163E-07  0.106740E-04  0.907270E+00  0.225835E+01
  0.168988E+03  0.228763E+01  0.206444E+01  0.000000E+00  0.000000E+00  0.475548E-07  0.807833E-05  0.905849E+00  0.205103E+01
  0.177652E+03  0.207986E+01  0.186034E+01  0.000000E+00  0.000000E+00  0.389523E-07  0.591696E-05  0.904288E+00  0.186214E+01
  0.186760E+03  0.189056E+01  0.167452E+01  0.000000E+00  0.000000E+00  0.320001E-07  0.439442E-05  0.902582E+00  0.169008E+01
  0.196336E+03  0.171811E+01  0.150540E+01  0.000000E+00  0.000000E+00  0.262998E-07  0.328581E-05  0.900720E+00  0.153335E+01
  0.206402E+03  0.156103E+01  0.135153E+01  0.000000E+00  0.000000E+00  0.214669E-07  0.249563E-05  0.898684E+00  0.139061E+01
  0.216985E+03  0.141794E+01  0.121159E+01  0.000000E+00  0.000000E+00  0.177048E-07  0.174572E-05  0.896480E+00  0.126063E+01
  0.228110E+03  0.128762E+01  0.108439E+01  0.000000E+00  0.000000E+00  0.144733E-07  0.136957E-05  0.894086E+00  0.114229E+01
  0.239805E+03  0.116895E+01  0.968816E+00  0.000000E+00  0.000000E+00  0.118823E-07  0.951224E-06  0.891483E+00  0.103456E+01
  0.252100E+03  0.106089E+01  0.863888E+00  0.000000E+00  0.000000E+00  0.973358E-08  0.707036E-06  0.888665E+00  0.936517E+00
  0.265025E+03  0.962521E+00  0.768695E+00  0.000000E+00  0.000000E+00  0.798460E-08  0.545880E-06  0.885635E+00  0.847314E+00
  0.278614E+03  0.872974E+00  0.682407E+00  0.000000E+00  0.000000E+00  0.649510E-08  0.382128E-06  0.882356E+00  0.766170E+00
  0.292898E+03  0.791482E+00  0.604280E+00  0.000000E+00  0.000000E+00  0.530883E-08  0.283662E-06  0.878848E+00  0.692389E+00
  0.307916E+03  0.717331E+00  0.533623E+00  0.000000E+00  0.000000E+00  0.432691E-08  0.203869E-06  0.875080E+00  0.625321E+00
  0.323703E+03  0.649881E+00  0.469816E+00  0.000000E+00  0.000000E+00  0.357139E-08  0.164320E-06  0.871061E+00  0.564387E+00
  0.340299E+03  0.588541E+00  0.412285E+00  0.000000E+00  0.000000E+00  0.288744E-08  0.113559E-06  0.866792E+00  0.509051E+00
  0.357747E+03  0.532774E+00  0.360508E+00  0.000000E+00  0.000000E+00  0.237556E-08  0.884354E-07  0.862282E+00  0.458824E+00
  0.376089E+03  0.482095E+00  0.314011E+00  0.000000E+00  0.000000E+00  0.193896E-08  0.751819E-07  0.857511E+00  0.413267E+00
  0.395372E+03  0.436054E+00  0.272350E+00  0.000000E+00  0.000000E+00  0.157954E-08  0.559603E-07  0.852518E+00  0.371971E+00
  0.415643E+03  0.394251E+00  0.235125E+00  0.000000E+00  0.000000E+00  0.128044E-08  0.380886E-07  0.847312E+00  0.334569E+00
  0.436953E+03  0.356312E+00  0.201961E+00  0.000000E+00  0.000000E+00  0.103592E-08  0.289854E-07  0.841905E+00  0.300723E+00
  0.459357E+03  0.321899E+00  0.172510E+00  0.000000E+00  0.000000E+00  0.848617E-09  0.166292E-07  0.836365E+00  0.270120E+00
  0.482908E+03  0.290704E+00  0.146454E+00  0.000000E+00  0.000000E+00  0.688506E-09  0.129762E-07  0.830704E+00  0.242480E+00
  0.507668E+03  0.262445E+00  0.123488E+00  0.000000E+00  0.000000E+00  0.564026E-09  0.807328E-08  0.824976E+00  0.217541E+00
  0.533696E+03  0.236864E+00  0.103334E+00  0.000000E+00  0.000000E+00  0.452704E-09  0.814273E-08  0.819271E+00  0.195065E+00
  0.561059E+03  0.213723E+00  0.857286E-01  0.000000E+00  0.000000E+00  0.369462E-09  0.406444E-08  0.813638E+00  0.174831E+00
  0.589825E+03  0.192806E+00  0.704243E-01  0.000000E+00  0.000000E+00  0.297412E-09  0.514140E-08  0.808189E+00  0.156637E+00
  0.620066E+03  0.173913E+00  0.571929E-01  0.000000E+00  0.000000E+00  0.239746E-09  0.217112E-08  0.803026E+00  0.140296E+00
  0.651858E+03  0.156860E+00  0.458201E-01  0.000000E+00  0.000000E+00  0.192219E-09  0.286312E-08  0.798291E+00  0.125637E+00
  0.685279E+03  0.141479E+00  0.361099E-01  0.000000E+00  0.000000E+00  0.159740E-09  0.145513E-08  0.794138E+00  0.112500E+00
  0.720414E+03  0.127614E+00  0.278820E-01  0.000000E+00  0.000000E+00  0.128345E-09  0.142036E-08  0.790738E+00  0.100740E+00
  0.757351E+03  0.115120E+00  0.209728E-01  0.000000E+00  0.000000E+00  0.106002E-09  0.809599E-09  0.788313E+00  0.902226E-01
  0.796180E+03  0.103867E+00  0.152363E-01  0.000000E+00  0.000000E+00  0.816237E-10  0.590034E-09  0.787095E+00  0.808259E-01
  0.837003E+03  0.937329E-01  0.105405E-01  0.000000E+00  0.000000E+00  0.663775E-10  0.294933E-09  0.787310E+00  0.724367E-01
  0.879916E+03  0.846063E-01  0.676809E-02  0.000000E+00  0.000000E+00  0.566082E-10  0.206598E-09  0.789206E+00  0.649535E-01
  0.925029E+03  0.763862E-01  0.381193E-02  0.000000E+00  0.000000E+00  0.446838E-10  0.318818E-09  0.792989E+00  0.582826E-01
  0.972458E+03  0.689802E-01  0.157314E-02  0.000000E+00  0.000000E+00  0.373949E-10  0.206132E-09  0.798813E+00  0.523390E-01
  0.102232E+04  0.623061E-01 -0.416835E-04  0.000000E+00  0.000000E+00  0.287272E-10  0.178389E-09  0.806743E+00  0.470459E-01
