    0.999999974737875163555145263671875000000000E-04    0.579854049682617187500000000000000000000000E+02
    0.102020130725577473640441894531250000000000E-03    0.591090164184570312500000000000000000000000E+02
    0.104081082099582999944686889648437500000000E-03    0.602543792724609375000000000000000000000000E+02
    0.106183659227099269628524780273437500000000E-03    0.614219207763671875000000000000000000000000E+02
    0.108328706119209527969360351562500000000000E-03    0.626120605468750000000000000000000000000000E+02
    0.110517095890827476978302001953125000000000E-03    0.638252372741699218750000000000000000000000E+02
    0.112749679828993976116180419921875000000000E-03    0.650618972778320312500000000000000000000000E+02
    0.115027374704368412494659423828125000000000E-03    0.663224868774414062500000000000000000000000E+02
    0.117351090011652559041976928710937500000000E-03    0.676074829101562500000000000000000000000000E+02
    0.119721727969590574502944946289062500000000E-03    0.689173431396484375000000000000000000000000E+02
    0.122140278108417987823486328125000000000000E-03    0.702525482177734375000000000000000000000000E+02
    0.124607671750709414482116699218750000000000E-03    0.716135864257812500000000000000000000000000E+02
    0.127124920254573225975036621093750000000000E-03    0.730009613037109375000000000000000000000000E+02
    0.129692998598329722881317138671875000000000E-03    0.744151840209960937500000000000000000000000E+02
    0.132312969071790575981140136718750000000000E-03    0.758567581176757812500000000000000000000000E+02
    0.134985879412852227687835693359375000000000E-03    0.773262176513671875000000000000000000000000E+02
    0.137712777359411120414733886718750000000000E-03    0.788240966796875000000000000000000000000000E+02
    0.140494754305109381675720214843750000000000E-03    0.803509521484375000000000000000000000000000E+02
    0.143332930747419595718383789062500000000000E-03    0.819073257446289062500000000000000000000000E+02
    0.146228456287644803524017333984375000000000E-03    0.834937896728515625000000000000000000000000E+02
    0.149182465975172817707061767578125000000000E-03    0.851109313964843750000000000000000000000000E+02
    0.152196153067052364349365234375000000000000E-03    0.867593307495117187500000000000000000000000E+02
    0.155270710820332169532775878906250000000000E-03    0.884395980834960937500000000000000000000000E+02
    0.158407390699721872806549072265625000000000E-03    0.901523437500000000000000000000000000000000E+02
    0.161607444169931113719940185546875000000000E-03    0.918981857299804687500000000000000000000000E+02
    0.164872122695669531822204589843750000000000E-03    0.936777572631835937500000000000000000000000E+02
    0.168202750501222908496856689453125000000000E-03    0.954917144775390625000000000000000000000000E+02
    0.171600666362792253494262695312500000000000E-03    0.973407135009765625000000000000000000000000E+02
    0.175067238160409033298492431640625000000000E-03    0.992254333496093750000000000000000000000000E+02
    0.178603833774104714393615722656250000000000E-03    0.101146545410156250000000000000000000000000E+03
    0.182211864739656448364257812500000000000000E-03    0.103104751586914062500000000000000000000000E+03
    0.185892800800502300262451171875000000000000E-03    0.105100753784179687500000000000000000000000E+03
    0.189648068044334650039672851562500000000000E-03    0.107135292053222656250000000000000000000000E+03
    0.193479223526082932949066162109375000000000E-03    0.109209091186523437500000000000000000000000E+03
    0.197387780644930899143218994140625000000000E-03    0.111322906494140625000000000000000000000000E+03
    0.201375267351977527141571044921875000000000E-03    0.113477500915527343750000000000000000000000E+03
    0.205443298909813165664672851562500000000000E-03    0.115673652648925781250000000000000000000000E+03
    0.209593548788689076900482177734375000000000E-03    0.117912162780761718750000000000000000000000E+03
    0.213827603147365152835845947265625000000000E-03    0.120193824768066406250000000000000000000000E+03
    0.218147222767584025859832763671875000000000E-03    0.122519477844238281250000000000000000000000E+03
    0.222554081119596958160400390625000000000000E-03    0.124889945983886718750000000000000000000000E+03
    0.227049968088977038860321044921875000000000E-03    0.127306091308593750000000000000000000000000E+03
    0.231636688113212585449218750000000000000000E-03    0.129768783569335937500000000000000000000000E+03
    0.236316060181707143783569335937500000000000E-03    0.132278884887695312500000000000000000000000E+03
    0.241089961491525173187255859375000000000000E-03    0.134837310791015625000000000000000000000000E+03
    0.245960312895476818084716796875000000000000E-03    0.137444992065429687500000000000000000000000E+03
    0.250929006142541766166687011718750000000000E-03    0.140102844238281250000000000000000000000000E+03
    0.255998136708512902259826660156250000000000E-03    0.142811828613281250000000000000000000000000E+03
    0.261169654550030827522277832031250000000000E-03    0.145572891235351562500000000000000000000000E+03
    0.266445596935227513313293457031250000000000E-03    0.148387039184570312500000000000000000000000E+03
    0.271828175755217671394348144531250000000000E-03    0.151255264282226562500000000000000000000000E+03
    0.277319486485794186592102050781250000000000E-03    0.154178604125976562500000000000000000000000E+03
    0.282921682810410857200622558593750000000000E-03    0.157158065795898437500000000000000000000000E+03
    0.288637093035504221916198730468750000000000E-03    0.160194732666015625000000000000000000000000E+03
    0.294467929052188992500305175781250000000000E-03    0.163289657592773437500000000000000000000000E+03
    0.300416606478393077850341796875000000000000E-03    0.166443954467773437500000000000000000000000E+03
    0.306485395412892103195190429687500000000000E-03    0.169658737182617187500000000000000000000000E+03
    0.312676827888935804367065429687500000000000E-03    0.172935119628906250000000000000000000000000E+03
    0.318993290420621633529663085937500000000000E-03    0.176274261474609375000000000000000000000000E+03
    0.325437402352690696716308593750000000000000E-03    0.179677337646484375000000000000000000000000E+03
    0.332011666614562273025512695312500000000000E-03    0.183145538330078125000000000000000000000000E+03
    0.338718760758638381958007812500000000000000E-03    0.186680084228515625000000000000000000000000E+03
    0.345561362337321043014526367187500000000000E-03    0.190282211303710937500000000000000000000000E+03
    0.352542119799181818962097167968750000000000E-03    0.193953155517578125000000000000000000000000E+03
    0.359663943527266383171081542968750000000000E-03    0.197694213867187500000000000000000000000000E+03
    0.366929627489298582077026367187500000000000E-03    0.201506652832031250000000000000000000000000E+03
    0.374342111172154545783996582031250000000000E-03    0.205391815185546875000000000000000000000000E+03
    0.381904304958879947662353515625000000000000E-03    0.209351028442382812500000000000000000000000E+03
    0.389619322959333658218383789062500000000000E-03    0.213385665893554687500000000000000000000000E+03
    0.397490162868052721023559570312500000000000E-03    0.217497100830078125000000000000000000000000E+03
    0.405519997002556920051574707031250000000000E-03    0.221686737060546875000000000000000000000000E+03
    0.413712026784196496009826660156250000000000E-03    0.225956024169921875000000000000000000000000E+03
    0.422069540945813059806823730468750000000000E-03    0.230306381225585937500000000000000000000000E+03
    0.430595915531739592552185058593750000000000E-03    0.234739318847656250000000000000000000000000E+03
    0.439294555690139532089233398437500000000000E-03    0.239256301879882812500000000000000000000000E+03
    0.448168895673006772994995117187500000000000E-03    0.243858871459960937500000000000000000000000E+03
    0.457222486147657036781311035156250000000000E-03    0.248548568725585937500000000000000000000000E+03
    0.466458965092897415161132812500000000000000E-03    0.253326950073242187500000000000000000000000E+03
    0.475882086902856826782226562500000000000000E-03    0.258195617675781250000000000000000000000000E+03
    0.485495547764003276824951171875000000000000E-03    0.263156188964843750000000000000000000000000E+03
    0.495303189381957054138183593750000000000000E-03    0.268210296630859375000000000000000000000000E+03
    0.505309028085321187973022460937500000000000E-03    0.273359619140625000000000000000000000000000E+03
    0.515516963787376880645751953125000000000000E-03    0.278605804443359375000000000000000000000000E+03
    0.525931071024388074874877929687500000000000E-03    0.283950622558593750000000000000000000000000E+03
    0.536555540747940540313720703125000000000000E-03    0.289395782470703125000000000000000000000000E+03
    0.547394680324941873550415039062500000000000E-03    0.294943023681640625000000000000000000000000E+03
    0.558452797122299671173095703125000000000000E-03    0.300594146728515625000000000000000000000000E+03
    0.569734314922243356704711914062500000000000E-03    0.306350982666015625000000000000000000000000E+03
    0.581243715714663267135620117187500000000000E-03    0.312215301513671875000000000000000000000000E+03
    0.592985597904771566390991210937500000000000E-03    0.318189025878906250000000000000000000000000E+03
    0.604964734520763158798217773437500000000000E-03    0.324273986816406250000000000000000000000000E+03
    0.617185782175511121749877929687500000000000E-03    0.330472137451171875000000000000000000000000E+03
    0.629653746727854013442993164062500000000000E-03    0.336785369873046875000000000000000000000000E+03
    0.642373692244291305541992187500000000000000E-03    0.343215637207031250000000000000000000000000E+03
    0.655350449960678815841674804687500000000000E-03    0.349764923095703125000000000000000000000000E+03
    0.668589433189481496810913085937500000000000E-03    0.356435211181640625000000000000000000000000E+03
    0.682095822412520647048950195312500000000000E-03    0.363228576660156250000000000000000000000000E+03
    0.695875030942261219024658203125000000000000E-03    0.370147003173828125000000000000000000000000E+03
    0.709932646714150905609130859375000000000000E-03    0.377192626953125000000000000000000000000000E+03
    0.724274199455976486206054687500000000000000E-03    0.384367462158203125000000000000000000000000E+03
    0.738905626349151134490966796875000000000000E-03    0.391673645019531250000000000000000000000000E+03
    0.753832457121461629867553710937500000000000E-03    0.399113311767578125000000000000000000000000E+03
    0.769060861784964799880981445312500000000000E-03    0.406688629150390625000000000000000000000000E+03
    0.784596893936395645141601562500000000000000E-03    0.414401763916015625000000000000000000000000E+03
    0.800446781795471906661987304687500000000000E-03    0.422254913330078125000000000000000000000000E+03
    0.816616869997233152389526367187500000000000E-03    0.430250305175781250000000000000000000000000E+03
    0.833113677799701690673828125000000000000000E-03    0.438390167236328125000000000000000000000000E+03
    0.849943608045578002929687500000000000000000E-03    0.446676788330078125000000000000000000000000E+03
    0.867113587446510791778564453125000000000000E-03    0.455112365722656250000000000000000000000000E+03
    0.884630659129470586776733398437500000000000E-03    0.463699249267578125000000000000000000000000E+03
    0.902501342352479696273803710937500000000000E-03    0.472439727783203125000000000000000000000000E+03
    0.920733029488474130630493164062500000000000E-03    0.481336151123046875000000000000000000000000E+03
    0.939333112910389900207519531250000000000000E-03    0.490390808105468750000000000000000000000000E+03
    0.958308868575841188430786132812500000000000E-03    0.499606079101562500000000000000000000000000E+03
    0.977667979896068572998046875000000000000000E-03    0.508984344482421875000000000000000000000000E+03
    0.997418188489973545074462890625000000000000E-03    0.518527954101562500000000000000000000000000E+03
    0.101756735239177942276000976562500000000000E-02    0.528239379882812500000000000000000000000000E+03
    0.103812362067401409149169921875000000000000E-02    0.538120971679687500000000000000000000000000E+03
    0.105909502599388360977172851562500000000000E-02    0.548175170898437500000000000000000000000000E+03
    0.108049006666988134384155273437500000000000E-02    0.558404357910156250000000000000000000000000E+03
    0.110231747385114431381225585937500000000000E-02    0.568811035156250000000000000000000000000000E+03
    0.112458574585616588592529296875000000000000E-02    0.579397583007812500000000000000000000000000E+03
    0.114730407949537038803100585937500000000000E-02    0.590166564941406250000000000000000000000000E+03
    0.117048120591789484024047851562500000000000E-02    0.601120300292968750000000000000000000000000E+03
    0.119412643834948539733886718750000000000000E-02    0.612261291503906250000000000000000000000000E+03
    0.121824943926185369491577148437500000000000E-02    0.623591979980468750000000000000000000000000E+03
    0.124285963829606771469116210937500000000000E-02    0.635114929199218750000000000000000000000000E+03
    0.126796704716980457305908203125000000000000E-02    0.646832458496093750000000000000000000000000E+03
    0.129358167760074138641357421875000000000000E-02    0.658747131347656250000000000000000000000000E+03
    0.131971365772187709808349609375000000000000E-02    0.670861328125000000000000000000000000000000E+03
    0.134637358132749795913696289062500000000000E-02    0.683177490234375000000000000000000000000000E+03
    0.137357215862721204757690429687500000000000E-02    0.695698059082031250000000000000000000000000E+03
    0.140132009983062744140625000000000000000000E-02    0.708425476074218750000000000000000000000000E+03
    0.142962858080863952636718750000000000000000E-02    0.721362121582031250000000000000000000000000E+03
    0.145850901026278734207153320312500000000000E-02    0.734510375976562500000000000000000000000000E+03
    0.148797314614057540893554687500000000000000E-02    0.747872619628906250000000000000000000000000E+03
    0.151803228072822093963623046875000000000000E-02    0.761451232910156250000000000000000000000000E+03
    0.154869852121919393539428710937500000000000E-02    0.775248474121093750000000000000000000000000E+03
    0.157998420763760805130004882812500000000000E-02    0.789266662597656250000000000000000000000000E+03
    0.161190202925354242324829101562500000000000E-02    0.803507995605468750000000000000000000000000E+03
    0.164446467533707618713378906250000000000000E-02    0.817974731445312500000000000000000000000000E+03
    0.167768495157361030578613281250000000000000E-02    0.832669067382812500000000000000000000000000E+03
    0.171157636214047670364379882812500000000000E-02    0.847593017578125000000000000000000000000000E+03
    0.174615241121500730514526367187500000000000E-02    0.862748779296875000000000000000000000000000E+03
    0.178142695222049951553344726562500000000000E-02    0.878138244628906250000000000000000000000000E+03
    0.181741418782621622085571289062500000000000E-02    0.893763488769531250000000000000000000000000E+03
    0.185412843711674213409423828125000000000000E-02    0.909626464843750000000000000000000000000000E+03
    0.189158413559198379516601562500000000000000E-02    0.925728881835937500000000000000000000000000E+03
    0.192979711573570966720581054687500000000000E-02    0.942072570800781250000000000000000000000000E+03
    0.196878169663250446319580078125000000000000E-02    0.958659240722656250000000000000000000000000E+03
    0.200855359435081481933593750000000000000000E-02    0.975490478515625000000000000000000000000000E+03
    0.204912899062037467956542968750000000000000E-02    0.992567871093750000000000000000000000000000E+03
    0.209052418358623981475830078125000000000000E-02    0.100989282226562500000000000000000000000000E+04
    0.213275570422410964965820312500000000000000E-02    0.102746667480468750000000000000000000000000E+04
    0.217583985067903995513916015625000000000000E-02    0.104529064941406250000000000000000000000000E+04
    0.221979478374123573303222656250000000000000E-02    0.106336608886718750000000000000000000000000E+04
    0.226463773287832736968994140625000000000000E-02    0.108169384765625000000000000000000000000000E+04
    0.231038639321923255920410156250000000000000E-02    0.110027502441406250000000000000000000000000E+04
    0.235705915838479995727539062500000000000000E-02    0.111911047363281250000000000000000000000000E+04
    0.240467488765716552734375000000000000000000E-02    0.113820068359375000000000000000000000000000E+04
    0.245325244031846523284912109375000000000000E-02    0.115754650878906250000000000000000000000000E+04
    0.250281183980405330657958984375000000000000E-02    0.117714843750000000000000000000000000000000E+04
    0.255337217822670936584472656250000000000000E-02    0.119700671386718750000000000000000000000000E+04
    0.260495371185243129730224609375000000000000E-02    0.121712145996093750000000000000000000000000E+04
    0.265757716260850429534912109375000000000000E-02    0.123749279785156250000000000000000000000000E+04
    0.271126371808350086212158203125000000000000E-02    0.125812060546875000000000000000000000000000E+04
    0.276603479869663715362548828125000000000000E-02    0.127900476074218750000000000000000000000000E+04
    0.282191229052841663360595703125000000000000E-02    0.130014477539062500000000000000000000000000E+04
    0.287891877815127372741699218750000000000000E-02    0.132154003906250000000000000000000000000000E+04
    0.293707661330699920654296875000000000000000E-02    0.134318981933593750000000000000000000000000E+04
    0.299640954472124576568603515625000000000000E-02    0.136509326171875000000000000000000000000000E+04
    0.305694085545837879180908203125000000000000E-02    0.138724914550781250000000000000000000000000E+04
    0.311869522556662559509277343750000000000000E-02    0.140965612792968750000000000000000000000000E+04
    0.318169780075550079345703125000000000000000E-02    0.143231262207031250000000000000000000000000E+04
    0.324597232975065708160400390625000000000000E-02    0.145521679687500000000000000000000000000000E+04
    0.331154512241482734680175781250000000000000E-02    0.147836694335937500000000000000000000000000E+04
    0.337844272144138813018798828125000000000000E-02    0.150176062011718750000000000000000000000000E+04
    0.344669190235435962677001953125000000000000E-02    0.152539538574218750000000000000000000000000E+04
    0.351631967350840568542480468750000000000000E-02    0.154926855468750000000000000000000000000000E+04
    0.358735374175012111663818359375000000000000E-02    0.157337707519531250000000000000000000000000E+04
    0.365982321090996265411376953125000000000000E-02    0.159771789550781250000000000000000000000000E+04
    0.373375625349581241607666015625000000000000E-02    0.162228747558593750000000000000000000000000E+04
    0.380918313749134540557861328125000000000000E-02    0.164708178710937500000000000000000000000000E+04
    0.388613343238830566406250000000000000000000E-02    0.167209692382812500000000000000000000000000E+04
    0.396463880315423011779785156250000000000000E-02    0.169732824707031250000000000000000000000000E+04
    0.404472928494215011596679687500000000000000E-02    0.172277111816406250000000000000000000000000E+04
    0.412643933668732643127441406250000000000000E-02    0.174842065429687500000000000000000000000000E+04
    0.420979922637343406677246093750000000000000E-02    0.177427136230468750000000000000000000000000E+04
    0.429484248161315917968750000000000000000000E-02    0.180031787109375000000000000000000000000000E+04
    0.438160402700304985046386718750000000000000E-02    0.182655419921875000000000000000000000000000E+04
    0.447011832147836685180664062500000000000000E-02    0.185297399902343750000000000000000000000000E+04
    0.456042028963565826416015625000000000000000E-02    0.187957031250000000000000000000000000000000E+04
    0.465254718437790870666503906250000000000000E-02    0.190633557128906250000000000000000000000000E+04
    0.474653439596295356750488281250000000000000E-02    0.193326171875000000000000000000000000000000E+04
    0.484242103993892669677734375000000000000000E-02    0.196034020996093750000000000000000000000000E+04
    0.494024436920881271362304687500000000000000E-02    0.198756250000000000000000000000000000000000E+04
    0.504004349932074546813964843750000000000000E-02    0.201492065429687500000000000000000000000000E+04
    0.514185894280672073364257812500000000000000E-02    0.204240722656250000000000000000000000000000E+04
    0.524573167786002159118652343750000000000000E-02    0.207001440429687500000000000000000000000000E+04
    0.535170361399650573730468750000000000000000E-02    0.209773437500000000000000000000000000000000E+04
    0.545981479808688163757324218750000000000000E-02    0.212555834960937500000000000000000000000000E+04
    0.557011039927601814270019531250000000000000E-02    0.215347363281250000000000000000000000000000E+04
    0.568263372406363487243652343750000000000000E-02    0.218146557617187500000000000000000000000000E+04
    0.579743087291717529296875000000000000000000E-02    0.220951879882812500000000000000000000000000E+04
    0.591454654932022094726562500000000000000000E-02    0.223761718750000000000000000000000000000000E+04
    0.603402825072407722473144531250000000000000E-02    0.226574462890625000000000000000000000000000E+04
    0.615592347458004951477050781250000000000000E-02    0.229388769531250000000000000000000000000000E+04
    0.628028111532330513000488281250000000000000E-02    0.232203466796875000000000000000000000000000E+04
    0.640715099871158599853515625000000000000000E-02    0.235017285156250000000000000000000000000000E+04
    0.653658434748649597167968750000000000000000E-02    0.237828979492187500000000000000000000000000E+04
    0.666863145306706428527832031250000000000000E-02    0.240637182617187500000000000000000000000000E+04
    0.680334679782390594482421875000000000000000E-02    0.243440161132812500000000000000000000000000E+04
    0.694078346714377403259277343750000000000000E-02    0.246235961914062500000000000000000000000000E+04
    0.708099640905857086181640625000000000000000E-02    0.249022607421875000000000000000000000000000E+04
    0.722404150292277336120605468750000000000000E-02    0.251797998046875000000000000000000000000000E+04
    0.736997742205858230590820312500000000000000E-02    0.254560107421875000000000000000000000000000E+04
    0.751886051148176193237304687500000000000000E-02    0.257307104492187500000000000000000000000000E+04
    0.767075084149837493896484375000000000000000E-02    0.260037231445312500000000000000000000000000E+04
    0.782571360468864440917968750000000000000000E-02    0.262748730468750000000000000000000000000000E+04
    0.798380374908447265625000000000000000000000E-02    0.265439794921875000000000000000000000000000E+04
    0.814508739858865737915039062500000000000000E-02    0.268108520507812500000000000000000000000000E+04
    0.830962881445884704589843750000000000000000E-02    0.270752636718750000000000000000000000000000E+04
    0.847749505192041397094726562500000000000000E-02    0.273369799804687500000000000000000000000000E+04
    0.864875130355358123779296875000000000000000E-02    0.275957519531250000000000000000000000000000E+04
    0.882346741855144500732421875000000000000000E-02    0.278513354492187500000000000000000000000000E+04
    0.900171231478452682495117187500000000000000E-02    0.281034741210937500000000000000000000000000E+04
    0.918355956673622131347656250000000000000000E-02    0.283518994140625000000000000000000000000000E+04
    0.936907902359962463378906250000000000000000E-02    0.285963330078125000000000000000000000000000E+04
    0.955834705382585525512695312500000000000000E-02    0.288364916992187500000000000000000000000000E+04
    0.975143909454345703125000000000000000000000E-02    0.290720947265625000000000000000000000000000E+04
    0.994843058288097381591796875000000000000000E-02    0.293028515625000000000000000000000000000000E+04
    0.101494016125798225402832031250000000000000E-01    0.295284716796875000000000000000000000000000E+04
    0.103544332087039947509765625000000000000000E-01    0.297486645507812500000000000000000000000000E+04
    0.105636063963174819946289062500000000000000E-01    0.299631323242187500000000000000000000000000E+04
    0.107770059257745742797851562500000000000000E-01    0.301715795898437500000000000000000000000000E+04
    0.109947146847844123840332031250000000000000E-01    0.303737060546875000000000000000000000000000E+04
    0.112168220803141593933105468750000000000000E-01    0.305691845703125000000000000000000000000000E+04
    0.114434175193309783935546875000000000000000E-01    0.307576855468750000000000000000000000000000E+04
    0.116745894774794578552246093750000000000000E-01    0.309388793945312500000000000000000000000000E+04
    0.119104310870170593261718750000000000000000E-01    0.311124365234375000000000000000000000000000E+04
    0.121510382741689682006835937500000000000000E-01    0.312780249023437500000000000000000000000000E+04
    0.123965051025152206420898437500000000000000E-01    0.314352954101562500000000000000000000000000E+04
    0.126469302922487258911132812500000000000000E-01    0.315838989257812500000000000000000000000000E+04
    0.129024153575301170349121093750000000000000E-01    0.317234887695312500000000000000000000000000E+04
    0.131630674004554748535156250000000000000000E-01    0.318537255859375000000000000000000000000000E+04
    0.134289795532822608947753906250000000000000E-01    0.319742626953125000000000000000000000000000E+04
    0.137002617120742797851562500000000000000000E-01    0.320847363281250000000000000000000000000000E+04
    0.139770256355404853820800781250000000000000E-01    0.321847900390625000000000000000000000000000E+04
    0.142593793570995330810546875000000000000000E-01    0.322740698242187500000000000000000000000000E+04
    0.145474374294281005859375000000000000000000E-01    0.323522363281250000000000000000000000000000E+04
    0.148413162678480148315429687500000000000000E-01    0.324189453125000000000000000000000000000000E+04
    0.151411294937133789062500000000000000000000E-01    0.324738476562500000000000000000000000000000E+04
    0.154470009729266166687011718750000000000000E-01    0.325166088867187500000000000000000000000000E+04
    0.157590489834547042846679687500000000000000E-01    0.325469018554687500000000000000000000000000E+04
    0.160774048417806625366210937500000000000000E-01    0.325644116210937500000000000000000000000000E+04
    0.164021886885166168212890625000000000000000E-01    0.325688354492187500000000000000000000000000E+04
    0.167335346341133117675781250000000000000000E-01    0.325598632812500000000000000000000000000000E+04
    0.170715730637311935424804687500000000000000E-01    0.325372070312500000000000000000000000000000E+04
    0.174164418131113052368164062500000000000000E-01    0.325005908203125000000000000000000000000000E+04
    0.177682787179946899414062500000000000000000E-01    0.324497631835937500000000000000000000000000E+04
    0.181272197514772415161132812500000000000000E-01    0.323844848632812500000000000000000000000000E+04
    0.184934139251708984375000000000000000000000E-01    0.323045410156250000000000000000000000000000E+04
    0.188670046627521514892578125000000000000000E-01    0.322097338867187500000000000000000000000000E+04
    0.192481447011232376098632812500000000000000E-01    0.320998925781250000000000000000000000000000E+04
    0.196369830518960952758789062500000000000000E-01    0.319748681640625000000000000000000000000000E+04
    0.200336743146181106567382812500000000000000E-01    0.318345507812500000000000000000000000000000E+04
    0.204383805394172668457031250000000000000000E-01    0.316788598632812500000000000000000000000000E+04
    0.208512637764215469360351562500000000000000E-01    0.315077490234375000000000000000000000000000E+04
    0.212724860757589340209960937500000000000000E-01    0.313212011718750000000000000000000000000000E+04
    0.217022281140089035034179687500000000000000E-01    0.311192260742187500000000000000000000000000E+04
    0.221406426280736923217773437500000000000000E-01    0.309018920898437500000000000000000000000000E+04
    0.225879121571779251098632812500000000000000E-01    0.306693408203125000000000000000000000000000E+04
    0.230442192405462265014648437500000000000000E-01    0.304217456054687500000000000000000000000000E+04
    0.235097426921129226684570312500000000000000E-01    0.301593066406250000000000000000000000000000E+04
    0.239846706390380859375000000000000000000000E-01    0.298822534179687500000000000000000000000000E+04
    0.244691912084817886352539062500000000000000E-01    0.295909033203125000000000000000000000000000E+04
    0.249635018408298492431640625000000000000000E-01    0.292856689453125000000000000000000000000000E+04
    0.254677981138229370117187500000000000000000E-01    0.289669897460937500000000000000000000000000E+04
    0.259822811931371688842773437500000000000000E-01    0.286353295898437500000000000000000000000000E+04
    0.265071578323841094970703125000000000000000E-01    0.282911669921875000000000000000000000000000E+04
    0.270426385104656219482421875000000000000000E-01    0.279351025390625000000000000000000000000000E+04
    0.275889337062835693359375000000000000000000E-01    0.275678613281250000000000000000000000000000E+04
    0.281462669372558593750000000000000000000000E-01    0.271901733398437500000000000000000000000000E+04
    0.287148579955101013183593750000000000000000E-01    0.268027709960937500000000000000000000000000E+04
    0.292949359863996505737304687500000000000000E-01    0.264063964843750000000000000000000000000000E+04
    0.298867337405681610107421875000000000000000E-01    0.260019409179687500000000000000000000000000E+04
    0.304904840886592864990234375000000000000000E-01    0.255904467773437500000000000000000000000000E+04
    0.311064328998327255249023437500000000000000E-01    0.251729345703125000000000000000000000000000E+04
    0.317348241806030273437500000000000000000000E-01    0.247503906250000000000000000000000000000000E+04
    0.323759093880653381347656250000000000000000E-01    0.243237841796875000000000000000000000000000E+04
    0.330299474298954010009765625000000000000000E-01    0.238942065429687500000000000000000000000000E+04
    0.336971953511238098144531250000000000000000E-01    0.234628613281250000000000000000000000000000E+04
    0.343779213726520538330078125000000000000000E-01    0.230308886718750000000000000000000000000000E+04
    0.350724011659622192382812500000000000000000E-01    0.225993750000000000000000000000000000000000E+04
    0.357809104025363922119140625000000000000000E-01    0.221693505859375000000000000000000000000000E+04
    0.365037508308887481689453125000000000000000E-01    0.217420556640625000000000000000000000000000E+04
    0.372411720454692840576171875000000000000000E-01    0.213188671875000000000000000000000000000000E+04
    0.379934944212436676025390625000000000000000E-01    0.209010668945312500000000000000000000000000E+04
    0.387610122561454772949218750000000000000000E-01    0.204898364257812500000000000000000000000000E+04
    0.395440347492694854736328125000000000000000E-01    0.200862475585937500000000000000000000000000E+04
    0.403428785502910614013671875000000000000000E-01    0.196910693359375000000000000000000000000000E+04
    0.411578565835952758789062500000000000000000E-01    0.193048474121093750000000000000000000000000E+04
    0.419893004000186920166015625000000000000000E-01    0.189280737304687500000000000000000000000000E+04
    0.428375415503978729248046875000000000000000E-01    0.185611865234375000000000000000000000000000E+04
    0.437029153108596801757812500000000000000000E-01    0.182046337890625000000000000000000000000000E+04
    0.445857718586921691894531250000000000000000E-01    0.178594140625000000000000000000000000000000E+04
    0.454864650964736938476562500000000000000000E-01    0.175268237304687500000000000000000000000000E+04
    0.464053489267826080322265625000000000000000E-01    0.172080627441406250000000000000000000000000E+04
    0.473427996039390563964843750000000000000000E-01    0.169042297363281250000000000000000000000000E+04
    0.482991859316825866699218750000000000000000E-01    0.166160461425781250000000000000000000000000E+04
    0.492748916149139404296875000000000000000000E-01    0.163425927734375000000000000000000000000000E+04
    0.502703115344047546386718750000000000000000E-01    0.160824682617187500000000000000000000000000E+04
    0.512858368456363677978515625000000000000000E-01    0.158343591308593750000000000000000000000000E+04
    0.523218810558319091796875000000000000000000E-01    0.155970324707031250000000000000000000000000E+04
    0.533788502216339111328125000000000000000000E-01    0.153694055175781250000000000000000000000000E+04
    0.544571764767169952392578125000000000000000E-01    0.151505249023437500000000000000000000000000E+04
    0.555572807788848876953125000000000000000000E-01    0.149394921875000000000000000000000000000000E+04
    0.566796138882637023925781250000000000000000E-01    0.147354296875000000000000000000000000000000E+04
    0.578246153891086578369140625000000000000000E-01    0.145370581054687500000000000000000000000000E+04
    0.589927472174167633056640625000000000000000E-01    0.143427636718750000000000000000000000000000E+04
    0.601844787597656250000000000000000000000000E-01    0.141510034179687500000000000000000000000000E+04
    0.614003166556358337402343750000000000000000E-01    0.139602209472656250000000000000000000000000E+04
    0.626406818628311157226562500000000000000000E-01    0.137683337402343750000000000000000000000000E+04
    0.639061108231544494628906250000000000000000E-01    0.135731372070312500000000000000000000000000E+04
    0.651970952749252319335937500000000000000000E-01    0.133725537109375000000000000000000000000000E+04
    0.665141642093658447265625000000000000000000E-01    0.131645800781250000000000000000000000000000E+04
    0.678578317165374755859375000000000000000000E-01    0.129472668457031250000000000000000000000000E+04
    0.692286565899848937988281250000000000000000E-01    0.127188366699218750000000000000000000000000E+04
    0.706271678209304809570312500000000000000000E-01    0.124777734375000000000000000000000000000000E+04
    0.720539242029190063476562500000000000000000E-01    0.122229394531250000000000000000000000000000E+04
    0.735095068812370300292968750000000000000000E-01    0.119534289550781250000000000000000000000000E+04
    0.749944970011711120605468750000000000000000E-01    0.116689550781250000000000000000000000000000E+04
    0.765094906091690063476562500000000000000000E-01    0.113704907226562500000000000000000000000000E+04
    0.780550837516784667968750000000000000000000E-01    0.110592700195312500000000000000000000000000E+04
    0.796318948268890380859375000000000000000000E-01    0.107369519042968750000000000000000000000000E+04
    0.812405645847320556640625000000000000000000E-01    0.104058569335937500000000000000000000000000E+04
    0.828817337751388549804687500000000000000000E-01    0.100683105468750000000000000000000000000000E+04
    0.845560505986213684082031250000000000000000E-01    0.972715332031250000000000000000000000000000E+03
    0.862641930580139160156250000000000000000000E-01    0.938551574707031250000000000000000000000000E+03
    0.880068466067314147949218750000000000000000E-01    0.904635375976562500000000000000000000000000E+03
    0.897847041487693786621093750000000000000000E-01    0.871278381347656250000000000000000000000000E+03
    0.915984734892845153808593750000000000000000E-01    0.838766967773437500000000000000000000000000E+03
    0.934488773345947265625000000000000000000000E-01    0.807407897949218750000000000000000000000000E+03
    0.953366756439208984375000000000000000000000E-01    0.777510925292968750000000000000000000000000E+03
    0.972625985741615295410156250000000000000000E-01    0.749336975097656250000000000000000000000000E+03
    0.992274358868598937988281250000000000000000E-01    0.723093750000000000000000000000000000000000E+03
    0.101232007145881652832031250000000000000000E+00    0.698927490234375000000000000000000000000000E+03
    0.103277020156383514404296875000000000000000E+00    0.676955566406250000000000000000000000000000E+03
    0.105363354086875915527343750000000000000000E+00    0.657245483398437500000000000000000000000000E+03
    0.107491828501224517822265625000000000000000E+00    0.639685607910156250000000000000000000000000E+03
    0.109663315117359161376953125000000000000000E+00    0.624122985839843750000000000000000000000000E+03
    0.111878655850887298583984375000000000000000E+00    0.610391967773437500000000000000000000000000E+03
    0.114138752222061157226562500000000000000000E+00    0.598164672851562500000000000000000000000000E+03
    0.116444505751132965087890625000000000000000E+00    0.587079467773437500000000000000000000000000E+03
    0.118796832859516143798828125000000000000000E+00    0.576774780273437500000000000000000000000000E+03
    0.121196687221527099609375000000000000000000E+00    0.566809204101562500000000000000000000000000E+03
    0.123645029962062835693359375000000000000000E+00    0.556747131347656250000000000000000000000000E+03
    0.126142814755439758300781250000000000000000E+00    0.546167053222656250000000000000000000000000E+03
    0.128691077232360839843750000000000000000000E+00    0.534656250000000000000000000000000000000000E+03
    0.131290808320045471191406250000000000000000E+00    0.521859191894531250000000000000000000000000E+03
    0.133943051099777221679687500000000000000000E+00    0.507609283447265625000000000000000000000000E+03
    0.136648878455162048339843750000000000000000E+00    0.491849700927734375000000000000000000000000E+03
    0.139409363269805908203125000000000000000000E+00    0.474701232910156250000000000000000000000000E+03
    0.142225623130798339843750000000000000000000E+00    0.456512756347656250000000000000000000000000E+03
    0.145098760724067687988281250000000000000000E+00    0.437665435791015625000000000000000000000000E+03
    0.148029953241348266601562500000000000000000E+00    0.418637176513671875000000000000000000000000E+03
    0.151020348072052001953125000000000000000000E+00    0.399880859375000000000000000000000000000000E+03
    0.154071167111396789550781250000000000000000E+00    0.381833496093750000000000000000000000000000E+03
    0.157183602452278137207031250000000000000000E+00    0.364882354736328125000000000000000000000000E+03
    0.160358920693397521972656250000000000000000E+00    0.349368194580078125000000000000000000000000E+03
    0.163598373532295227050781250000000000000000E+00    0.335574981689453125000000000000000000000000E+03
    0.166903272271156311035156250000000000000000E+00    0.323614074707031250000000000000000000000000E+03
    0.170275032520294189453125000000000000000000E+00    0.313474945068359375000000000000000000000000E+03
    0.173714801669120788574218750000000000000000E+00    0.304918121337890625000000000000000000000000E+03
    0.177224084734916687011718750000000000000000E+00    0.297573425292968750000000000000000000000000E+03
    0.180804237723350524902343750000000000000000E+00    0.290974426269531250000000000000000000000000E+03
    0.184456720948219299316406250000000000000000E+00    0.284635192871093750000000000000000000000000E+03
    0.188182994723320007324218750000000000000000E+00    0.278109191894531250000000000000000000000000E+03
    0.191984534263610839843750000000000000000000E+00    0.271016845703125000000000000000000000000000E+03
    0.195862874388694763183593750000000000000000E+00    0.263082946777343750000000000000000000000000E+03
    0.199819564819335937500000000000000000000000E+00    0.254198806762695312500000000000000000000000E+03
    0.203856185078620910644531250000000000000000E+00    0.244429916381835937500000000000000000000000E+03
    0.207974359393119812011718750000000000000000E+00    0.234051254272460937500000000000000000000000E+03
    0.212175697088241577148437500000000000000000E+00    0.223441253662109375000000000000000000000000E+03
    0.216461926698684692382812500000000000000000E+00    0.213032577514648437500000000000000000000000E+03
    0.220834761857986450195312500000000000000000E+00    0.203229721069335937500000000000000000000000E+03
    0.225295916199684143066406250000000000000000E+00    0.194359466552734375000000000000000000000000E+03
    0.229847192764282226562500000000000000000000E+00    0.186629806518554687500000000000000000000000E+03
    0.234490394592285156250000000000000000000000E+00    0.180054107666015625000000000000000000000000E+03
    0.239227414131164550781250000000000000000000E+00    0.174458007812500000000000000000000000000000E+03
    0.244060128927230834960937500000000000000000E+00    0.169513519287109375000000000000000000000000E+03
    0.248990446329116821289062500000000000000000E+00    0.164835006713867187500000000000000000000000E+03
    0.254020392894744873046875000000000000000000E+00    0.160074356079101562500000000000000000000000E+03
    0.259151935577392578125000000000000000000000E+00    0.154971435546875000000000000000000000000000E+03
    0.264387160539627075195312500000000000000000E+00    0.149395614624023437500000000000000000000000E+03
    0.269728124141693115234375000000000000000000E+00    0.143381820678710937500000000000000000000000E+03
    0.275177001953125000000000000000000000000000E+00    0.137129379272460937500000000000000000000000E+03
    0.280736058950424194335937500000000000000000E+00    0.130932540893554687500000000000000000000000E+03
    0.286407291889190673828125000000000000000000E+00    0.125083717346191406250000000000000000000000E+03
    0.292193114757537841796875000000000000000000E+00    0.119790367126464843750000000000000000000000E+03
    0.298095792531967163085937500000000000000000E+00    0.115127311706542968750000000000000000000000E+03
    0.304117560386657714843750000000000000000000E+00    0.111026374816894531250000000000000000000000E+03
    0.310261309146881103515625000000000000000000E+00    0.107307212829589843750000000000000000000000E+03
    0.316528826951980590820312500000000000000000E+00    0.103744079589843750000000000000000000000000E+03
    0.322923272848129272460937500000000000000000E+00    0.100130577087402343750000000000000000000000E+03
    0.329446613788604736328125000000000000000000E+00    0.963453445434570312500000000000000000000000E+02
    0.336102008819580078125000000000000000000000E+00    0.923925094604492187500000000000000000000000E+02
    0.342891573905944824218750000000000000000000E+00    0.883937301635742187500000000000000000000000E+02
    0.349818587303161621093750000000000000000000E+00    0.845249938964843750000000000000000000000000E+02
    0.356885224580764770507812500000000000000000E+00    0.809295959472656250000000000000000000000000E+02
    0.364094972610473632812500000000000000000000E+00    0.776620025634765625000000000000000000000000E+02
    0.371450334787368774414062500000000000000000E+00    0.746892700195312500000000000000000000000000E+02
    0.378953933715820312500000000000000000000000E+00    0.719131469726562500000000000000000000000000E+02
    0.386609494686126708984375000000000000000000E+00    0.692015380859375000000000000000000000000000E+02
    0.394419312477111816406250000000000000000000E+00    0.664671249389648437500000000000000000000000E+02
    0.402387291193008422851562500000000000000000E+00    0.637096595764160156250000000000000000000000E+02
    0.410515844821929931640625000000000000000000E+00    0.609789428710937500000000000000000000000000E+02
    0.418809026479721069335937500000000000000000E+00    0.583532295227050781250000000000000000000000E+02
    0.427269339561462402343750000000000000000000E+00    0.558992118835449218750000000000000000000000E+02
    0.435900926589965820312500000000000000000000E+00    0.536191291809082031250000000000000000000000E+02
    0.444706469774246215820312500000000000000000E+00    0.514702644348144531250000000000000000000000E+02
    0.453690379858016967773437500000000000000000E+00    0.493919029235839843750000000000000000000000E+02
    0.462855309247970581054687500000000000000000E+00    0.473408126831054687500000000000000000000000E+02
    0.472205787897109985351562500000000000000000E+00    0.453220138549804687500000000000000000000000E+02
    0.481744766235351562500000000000000000000000E+00    0.433627243041992187500000000000000000000000E+02
    0.491476893424987792968750000000000000000000E+00    0.414962387084960937500000000000000000000000E+02
    0.501405119895935058593750000000000000000000E+00    0.397353401184082031250000000000000000000000E+02
    0.511534392833709716796875000000000000000000E+00    0.380592117309570312500000000000000000000000E+02
    0.521867811679840087890625000000000000000000E+00    0.364449920654296875000000000000000000000000E+02
    0.532410502433776855468750000000000000000000E+00    0.348725662231445312500000000000000000000000E+02
    0.543165624141693115234375000000000000000000E+00    0.333456840515136718750000000000000000000000E+02
    0.554138541221618652343750000000000000000000E+00    0.318783779144287109375000000000000000000000E+02
    0.565332591533660888671875000000000000000000E+00    0.304780101776123046875000000000000000000000E+02
    0.576753377914428710937500000000000000000000E+00    0.291420307159423828125000000000000000000000E+02
    0.588404297828674316406250000000000000000000E+00    0.278568782806396484375000000000000000000000E+02
    0.600291073322296142578125000000000000000000E+00    0.266159172058105468750000000000000000000000E+02
    0.612418055534362792968750000000000000000000E+00    0.254176406860351562500000000000000000000000E+02
    0.624789416790008544921875000000000000000000E+00    0.242677307128906250000000000000000000000000E+02
    0.637411236763000488281250000000000000000000E+00    0.231653785705566406250000000000000000000000E+02
    0.650287508964538574218750000000000000000000E+00    0.221079730987548828125000000000000000000000E+02
    0.663424491882324218750000000000000000000000E+00    0.210926246643066406250000000000000000000000E+02
    0.676826238632202148437500000000000000000000E+00    0.201167373657226562500000000000000000000000E+02
    0.690499365329742431640625000000000000000000E+00    0.191783504486083984375000000000000000000000E+02
    0.704448044300079345703125000000000000000000E+00    0.182763977050781250000000000000000000000000E+02
    0.718679130077362060546875000000000000000000E+00    0.174099082946777343750000000000000000000000E+02
    0.733197033405303955078125000000000000000000E+00    0.165778980255126953125000000000000000000000E+02
    0.748008966445922851562500000000000000000000E+00    0.157791852951049804687500000000000000000000E+02
    0.763119339942932128906250000000000000000000E+00    0.150124807357788085937500000000000000000000E+02
    0.778535783290863037109375000000000000000000E+00    0.142765645980834960937500000000000000000000E+02
    0.794262826442718505859375000000000000000000E+00    0.135702924728393554687500000000000000000000E+02
    0.810308396816253662109375000000000000000000E+00    0.128926305770874023437500000000000000000000E+02
    0.826677322387695312500000000000000000000000E+00    0.122426004409790039062500000000000000000000E+02
    0.843377590179443359375000000000000000000000E+00    0.116192665100097656250000000000000000000000E+02
    0.860414624214172363281250000000000000000000E+00    0.110217723846435546875000000000000000000000E+02
    0.877796530723571777343750000000000000000000E+00    0.104493627548217773437500000000000000000000E+02
    0.895528674125671386718750000000000000000000E+00    0.990129566192626953125000000000000000000000E+01
    0.913619995117187500000000000000000000000000E+00    0.937684249877929687500000000000000000000000E+01
    0.932075977325439453125000000000000000000000E+00    0.887534141540527343750000000000000000000000E+01
    0.950905561447143554687500000000000000000000E+00    0.839616966247558593750000000000000000000000E+01
    0.970114648342132568359375000000000000000000E+00    0.793868732452392578125000000000000000000000E+01
    0.989712655544281005859375000000000000000000E+00    0.750229120254516601562500000000000000000000E+01
    0.100970673561096191406250000000000000000000E+01    0.708653163909912109375000000000000000000000E+01
    0.103010356426239013671875000000000000000000E+01    0.669094848632812500000000000000000000000000E+01
    0.105091357231140136718750000000000000000000E+01    0.631502962112426757812500000000000000000000E+01
    0.107214283943176269531250000000000000000000E+01    0.595828056335449218750000000000000000000000E+01
    0.109380209445953369140625000000000000000000E+01    0.562024879455566406250000000000000000000000E+01
    0.111589777469635009765625000000000000000000E+01    0.530050659179687500000000000000000000000000E+01
    0.113844096660614013671875000000000000000000E+01    0.499863624572753906250000000000000000000000E+01
    0.116143846511840820312500000000000000000000E+01    0.471415615081787109375000000000000000000000E+01
    0.118490159511566162109375000000000000000000E+01    0.444655609130859375000000000000000000000000E+01
    0.120883750915527343750000000000000000000000E+01    0.419527721405029296875000000000000000000000E+01
    0.123325824737548828125000000000000000000000E+01    0.395970988273620605468750000000000000000000E+01
    0.125817120075225830078125000000000000000000E+01    0.373920726776123046875000000000000000000000E+01
    0.128358840942382812500000000000000000000000E+01    0.353307962417602539062500000000000000000000E+01
    0.130951797962188720703125000000000000000000E+01    0.334053373336791992187500000000000000000000E+01
    0.133597266674041748046875000000000000000000E+01    0.316077375411987304687500000000000000000000E+01
    0.136296045780181884765625000000000000000000E+01    0.299291634559631347656250000000000000000000E+01
    0.139049470424652099609375000000000000000000E+01    0.283602070808410644531250000000000000000000E+01
    0.141858386993408203125000000000000000000000E+01    0.268917012214660644531250000000000000000000E+01
    0.144724178314208984375000000000000000000000E+01    0.255132055282592773437500000000000000000000E+01
    0.147647726535797119140625000000000000000000E+01    0.242149424552917480468750000000000000000000E+01
    0.150630474090576171875000000000000000000000E+01    0.229873347282409667968750000000000000000000E+01
    0.153673338890075683593750000000000000000000E+01    0.218210911750793457031250000000000000000000E+01
    0.156777822971343994140625000000000000000000E+01    0.207082462310791015625000000000000000000000E+01
    0.159944856166839599609375000000000000000000E+01    0.196422255039215087890625000000000000000000E+01
    0.163176035881042480468750000000000000000000E+01    0.186175704002380371093750000000000000000000E+01
    0.166472315788269042968750000000000000000000E+01    0.176311516761779785156250000000000000000000E+01
    0.169835364818572998046875000000000000000000E+01    0.166817259788513183593750000000000000000000E+01
    0.173266339302062988281250000000000000000000E+01    0.157688915729522705078125000000000000000000E+01
    0.176766479015350341796875000000000000000000E+01    0.148947679996490478515625000000000000000000E+01
    0.180337476730346679687500000000000000000000E+01    0.140614950656890869140625000000000000000000E+01
    0.183980441093444824218750000000000000000000E+01    0.132712280750274658203125000000000000000000E+01
    0.187697184085845947265625000000000000000000E+01    0.125260365009307861328125000000000000000000E+01
    0.191488826274871826171875000000000000000000E+01    0.118266701698303222656250000000000000000000E+01
    0.195357239246368408203125000000000000000000E+01    0.111712992191314697265625000000000000000000E+01
    0.199303627014160156250000000000000000000000E+01    0.105574738979339599609375000000000000000000E+01
    0.203329920768737792968750000000000000000000E+01    0.998102486133575439453125000000000000000000E+00
    0.207437348365783691406250000000000000000000E+01    0.943651556968688964843750000000000000000000E+00
    0.211627960205078125000000000000000000000000E+01    0.891944766044616699218750000000000000000000E+00
    0.215903019905090332031250000000000000000000E+01    0.842676758766174316406250000000000000000000E+00
    0.220264649391174316406250000000000000000000E+01    0.795614004135131835937500000000000000000000E+00
    0.224714183807373046875000000000000000000000E+01    0.750751674175262451171875000000000000000000E+00
    0.229253816604614257812500000000000000000000E+01    0.708258688449859619140625000000000000000000E+00
    0.233884930610656738281250000000000000000000E+01    0.668233096599578857421875000000000000000000E+00
    0.238609838485717773437500000000000000000000E+01    0.630636632442474365234375000000000000000000E+00
    0.243429946899414062500000000000000000000000E+01    0.595386207103729248046875000000000000000000E+00
    0.248347663879394531250000000000000000000000E+01    0.562240540981292724609375000000000000000000E+00
    0.253364515304565429687500000000000000000000E+01    0.530841171741485595703125000000000000000000E+00
    0.258482933044433593750000000000000000000000E+01    0.500939428806304931640625000000000000000000E+00
    0.263704490661621093750000000000000000000000E+01    0.472548067569732666015625000000000000000000E+00
    0.269031810760498046875000000000000000000000E+01    0.445717155933380126953125000000000000000000E+00
    0.274466466903686523437500000000000000000000E+01    0.420433253049850463867187500000000000000000E+00
    0.280011177062988281250000000000000000000000E+01    0.396633535623550415039062500000000000000000E+00
    0.285667920112609863281250000000000000000000E+01    0.374235272407531738281250000000000000000000E+00
    0.291438651084899902343750000000000000000000E+01    0.353092044591903686523437500000000000000000E+00
    0.297326231002807617187500000000000000000000E+01    0.333063095808029174804687500000000000000000E+00
    0.303332471847534179687500000000000000000000E+01    0.314091503620147705078125000000000000000000E+00
    0.309460353851318359375000000000000000000000E+01    0.296184897422790527343750000000000000000000E+00
    0.315711688995361328125000000000000000000000E+01    0.279328048229217529296875000000000000000000E+00
    0.322089648246765136718750000000000000000000E+01    0.263443827629089355468750000000000000000000E+00
    0.328596115112304687500000000000000000000000E+01    0.248449414968490600585937500000000000000000E+00
    0.335234355926513671875000000000000000000000E+01    0.234284833073616027832031250000000000000000E+00
    0.342006349563598632812500000000000000000000E+01    0.220908328890800476074218750000000000000000E+00
    0.348915529251098632812500000000000000000000E+01    0.208281621336936950683593750000000000000000E+00
    0.355963897705078125000000000000000000000000E+01    0.196372479200363159179687500000000000000000E+00
    0.363155031204223632812500000000000000000000E+01    0.185149610042572021484375000000000000000000E+00
    0.370491051673889160156250000000000000000000E+01    0.174573540687561035156250000000000000000000E+00
    0.377975654602050781250000000000000000000000E+01    0.164598956704139709472656250000000000000000E+00
    0.385611033439636230468750000000000000000000E+01    0.155185818672180175781250000000000000000000E+00
    0.393401122093200683593750000000000000000000E+01    0.146303892135620117187500000000000000000000E+00
    0.401348161697387695312500000000000000000000E+01    0.137926012277603149414062500000000000000000E+00
    0.409456062316894531250000000000000000000000E+01    0.130026370286941528320312500000000000000000E+00
    0.417727470397949218750000000000000000000000E+01    0.122580423951148986816406250000000000000000E+00
    0.426166296005249023437500000000000000000000E+01    0.115563921630382537841796875000000000000000E+00
    0.434775209426879882812500000000000000000000E+01    0.108951181173324584960937500000000000000000E+00
    0.443558454513549804687500000000000000000000E+01    0.102717570960521697998046875000000000000000E+00
    0.452518701553344726562500000000000000000000E+01    0.968411117792129516601562500000000000000000E-01
    0.461660432815551757812500000000000000000000E+01    0.913020297884941101074218750000000000000000E-01
    0.470986795425415039062500000000000000000000E+01    0.860815569758415222167968750000000000000000E-01
    0.480501127243041992187500000000000000000000E+01    0.811615362763404846191406250000000000000000E-01
    0.490208053588867187500000000000000000000000E+01    0.765247717499732971191406250000000000000000E-01
    0.500110673904418945312500000000000000000000E+01    0.721550881862640380859375000000000000000000E-01
    0.510213851928710937500000000000000000000000E+01    0.680372938513755798339843750000000000000000E-01
    0.520520591735839843750000000000000000000000E+01    0.641570612788200378417968750000000000000000E-01
    0.531036043167114257812500000000000000000000E+01    0.605010129511356353759765625000000000000000E-01
    0.541763401031494140625000000000000000000000E+01    0.570565052330493927001953125000000000000000E-01
    0.552708053588867187500000000000000000000000E+01    0.538112483918666839599609375000000000000000E-01
    0.563873195648193359375000000000000000000000E+01    0.507533662021160125732421875000000000000000E-01
    0.575264453887939453125000000000000000000000E+01    0.478718355298042297363281250000000000000000E-01
    0.586885261535644531250000000000000000000000E+01    0.451567433774471282958984375000000000000000E-01
    0.598741388320922851562500000000000000000000E+01    0.425988137722015380859375000000000000000000E-01
    0.610836458206176757812500000000000000000000E+01    0.401889830827713012695312500000000000000000E-01
    0.623176479339599609375000000000000000000000E+01    0.379184596240520477294921875000000000000000E-01
    0.635765171051025390625000000000000000000000E+01    0.357790179550647735595703125000000000000000E-01
    0.648608779907226562500000000000000000000000E+01    0.337630882859230041503906250000000000000000E-01
    0.661711215972900390625000000000000000000000E+01    0.318635627627372741699218750000000000000000E-01
    0.675078964233398437500000000000000000000000E+01    0.300736743956804275512695312500000000000000E-01
    0.688716173171997070312500000000000000000000E+01    0.283869747072458267211914062500000000000000E-01
    0.702629423141479492187500000000000000000000E+01    0.267974194139242172241210937500000000000000E-01
    0.716823101043701171875000000000000000000000E+01    0.252993665635585784912109375000000000000000E-01
    0.731304264068603515625000000000000000000000E+01    0.238875076174736022949218750000000000000000E-01
    0.746077251434326171875000000000000000000000E+01    0.225568022578954696655273437500000000000000E-01
    0.761149358749389648437500000000000000000000E+01    0.213024597615003585815429687500000000000000E-01
    0.776525211334228515625000000000000000000000E+01    0.201199930161237716674804687500000000000000E-01
    0.792212390899658203125000000000000000000000E+01    0.190052092075347900390625000000000000000000E-01
    0.808216571807861328125000000000000000000000E+01    0.179541725665330886840820312500000000000000E-01
    0.824543190002441406250000000000000000000000E+01    0.169631447643041610717773437500000000000000E-01
    0.841200447082519531250000000000000000000000E+01    0.160285811871290206909179687500000000000000E-01
    0.858193302154541015625000000000000000000000E+01    0.151471560820937156677246093750000000000000E-01
    0.875530433654785156250000000000000000000000E+01    0.143157783895730972290039062500000000000000E-01
    0.893216896057128906250000000000000000000000E+01    0.135315405204892158508300781250000000000000E-01
    0.911261463165283203125000000000000000000000E+01    0.127916857600212097167968750000000000000000E-01
    0.929669761657714843750000000000000000000000E+01    0.120936008170247077941894531250000000000000E-01
    0.948450660705566406250000000000000000000000E+01    0.114348344504833221435546875000000000000000E-01
    0.967610168457031250000000000000000000000000E+01    0.108130974695086479187011718750000000000000E-01
    0.987157726287841796875000000000000000000000E+01    0.102262413129210472106933593750000000000000E-01
    0.100709915161132812500000000000000000000000E+02    0.967223569750785827636718750000000000000000E-02
    0.102744436264038085937500000000000000000000E+02    0.914916582405567169189453125000000000000000E-02
    0.104819955825805664062500000000000000000000E+02    0.865523237735033035278320312500000000000000E-02
    0.106937503814697265625000000000000000000000E+02    0.818874873220920562744140625000000000000000E-02
    0.109097728729248046875000000000000000000000E+02    0.774813257157802581787109375000000000000000E-02
    0.111301708221435546875000000000000000000000E+02    0.733189051970839500427246093750000000000000E-02
    0.113550090789794921875000000000000000000000E+02    0.693861767649650573730468750000000000000000E-02
    0.115844011306762695312500000000000000000000E+02    0.656699389219284057617187500000000000000000E-02
    0.118184156417846679687500000000000000000000E+02    0.621577911078929901123046875000000000000000E-02
    0.120571689605712890625000000000000000000000E+02    0.588380871340632438659667968750000000000000E-02
    0.123007345199584960937500000000000000000000E+02    0.556998327374458312988281250000000000000000E-02
    0.125492305755615234375000000000000000000000E+02    0.527326855808496475219726562500000000000000E-02
    0.128027353286743164062500000000000000000000E+02    0.499269273132085800170898437500000000000000E-02
    0.130613737106323242187500000000000000000000E+02    0.472734728828072547912597656250000000000000E-02
    0.133252372741699218750000000000000000000000E+02    0.447637867182493209838867187500000000000000E-02
    0.135944185256958007812500000000000000000000E+02    0.423897849395871162414550781250000000000000E-02
    0.138690500259399414062500000000000000000000E+02    0.401438213884830474853515625000000000000000E-02
    0.141492166519165039062500000000000000000000E+02    0.380187248811125755310058593750000000000000E-02
    0.144350557327270507812500000000000000000000E+02    0.360077782534062862396240234375000000000000E-02
    0.147266559600830078125000000000000000000000E+02    0.341046717949211597442626953125000000000000E-02
    0.150241622924804687500000000000000000000000E+02    0.323034473694860935211181640625000000000000E-02
    0.153276624679565429687500000000000000000000E+02    0.305984867736697196960449218750000000000000E-02
    0.156373090744018554687500000000000000000000E+02    0.289844931103289127349853515625000000000000E-02
    0.159531946182250976562500000000000000000000E+02    0.274564651772379875183105468750000000000000E-02
    0.162754783630371093750000000000000000000000E+02    0.260096951387822628021240234375000000000000E-02
    0.166042575836181640625000000000000000000000E+02    0.246397498995065689086914062500000000000000E-02
    0.169396934509277343750000000000000000000000E+02    0.233424594625830650329589843750000000000000E-02
    0.172818889617919921875000000000000000000000E+02    0.221138866618275642395019531250000000000000E-02
    0.176310138702392578125000000000000000000000E+02    0.209503178484737873077392578125000000000000E-02
    0.179871768951416015625000000000000000000000E+02    0.198482512496411800384521484375000000000000E-02
    0.183505496978759765625000000000000000000000E+02    0.188043736852705478668212890625000000000000E-02
    0.187212448120117187500000000000000000000000E+02    0.178155605681240558624267578125000000000000E-02
    0.190994472503662109375000000000000000000000E+02    0.168788619339466094970703125000000000000000E-02
    0.194852733612060546875000000000000000000000E+02    0.159914931282401084899902343750000000000000E-02
    0.198789100646972656250000000000000000000000E+02    0.151508231647312641143798828125000000000000E-02
    0.202804813385009765625000000000000000000000E+02    0.143543677404522895812988281250000000000000E-02
    0.206901836395263671875000000000000000000000E+02    0.135997764300554990768432617187500000000000E-02
    0.211081428527832031250000000000000000000000E+02    0.128848268650472164154052734375000000000000E-02
    0.215345649719238281250000000000000000000000E+02    0.122074200771749019622802734375000000000000E-02
    0.219696025848388671875000000000000000000000E+02    0.115655700210481882095336914062500000000000E-02
    0.224134063720703125000000000000000000000000E+02    0.109573965892195701599121093750000000000000E-02
    0.228661975860595703125000000000000000000000E+02    0.103811221197247505187988281250000000000000E-02
    0.233281154632568359375000000000000000000000E+02    0.983506673946976661682128906250000000000000E-03
    0.237993831634521484375000000000000000000000E+02    0.931764254346489906311035156250000000000000E-03
    0.242801532745361328125000000000000000000000E+02    0.882734602782875299453735351562500000000000E-03
    0.247706546783447265625000000000000000000000E+02    0.836275226902216672897338867187500000000000E-03
    0.252710437774658203125000000000000000000000E+02    0.792250735685229301452636718750000000000000E-03
    0.257815628051757812500000000000000000000000E+02    0.750533188693225383758544921875000000000000E-03
    0.263023719787597656250000000000000000000000E+02    0.711001863237470388412475585937500000000000E-03
    0.268337268829345703125000000000000000000000E+02    0.673542555887252092361450195312500000000000E-03
    0.273757934570312500000000000000000000000000E+02    0.638046767562627792358398437500000000000000E-03
    0.279288311004638671875000000000000000000000E+02    0.604411645326763391494750976562500000000000E-03
    0.284930171966552734375000000000000000000000E+02    0.572539574932307004928588867187500000000000E-03
    0.290686283111572265625000000000000000000000E+02    0.542338413652032613754272460937500000000000E-03
    0.296558399200439453125000000000000000000000E+02    0.513720908202230930328369140625000000000000E-03
    0.302549400329589843750000000000000000000000E+02    0.486604258185252547264099121093750000000000E-03
    0.308661155700683593750000000000000000000000E+02    0.460910057881847023963928222656250000000000E-03
    0.314896678924560546875000000000000000000000E+02    0.436564034316688776016235351562500000000000E-03
    0.321257820129394531250000000000000000000000E+02    0.413495639804750680923461914062500000000000E-03
    0.327747840881347656250000000000000000000000E+02    0.391638081055134534835815429687500000000000E-03
    0.334368629455566406250000000000000000000000E+02    0.370928115444257855415344238281250000000000E-03
    0.341123466491699218750000000000000000000000E+02    0.351305818185210227966308593750000000000000E-03
    0.348014411926269531250000000000000000000000E+02    0.332714349497109651565551757812500000000000E-03
    0.355044975280761718750000000000000000000000E+02    0.315099838189780712127685546875000000000000E-03
    0.362217178344726562500000000000000000000000E+02    0.298411177936941385269165039062500000000000E-03
    0.369534606933593750000000000000000000000000E+02    0.282599998172372579574584960937500000000000E-03
    0.376999855041503906250000000000000000000000E+02    0.267620402155444025993347167968750000000000E-03
    0.384615592956542968750000000000000000000000E+02    0.253428850555792450904846191406250000000000E-03
    0.392385520935058593750000000000000000000000E+02    0.239984234212897717952728271484375000000000E-03
    0.400312004089355468750000000000000000000000E+02    0.227247481234371662139892578125000000000000E-03
    0.408399047851562500000000000000000000000000E+02    0.215181586099788546562194824218750000000000E-03
    0.416649055480957031250000000000000000000000E+02    0.203751376830041408538818359375000000000000E-03
    0.425066108703613281250000000000000000000000E+02    0.192923573195002973079681396484375000000000E-03
    0.433652801513671875000000000000000000000000E+02    0.182666641194373369216918945312500000000000E-03
    0.442413406372070312500000000000000000000000E+02    0.172950676642358303070068359375000000000000E-03
    0.451350479125976562500000000000000000000000E+02    0.163747346960008144378662109375000000000000E-03
    0.460468597412109375000000000000000000000000E+02    0.155029760207980871200561523437500000000000E-03
    0.469770469665527343750000000000000000000000E+02    0.146772479638457298278808593750000000000000E-03
    0.479260635375976562500000000000000000000000E+02    0.138951349072158336639404296875000000000000E-03
    0.488942108154296875000000000000000000000000E+02    0.131543507450260221958160400390625000000000E-03
    0.498819656372070312500000000000000000000000E+02    0.124527257867157459259033203125000000000000E-03
    0.508896217346191406250000000000000000000000E+02    0.117882045742589980363845825195312500000000E-03
    0.519176826477050781250000000000000000000000E+02    0.111588378786109387874603271484375000000000E-03
    0.529664611816406250000000000000000000000000E+02    0.105627790617290884256362915039062500000000E-03
    0.540364799499511718750000000000000000000000E+02    0.999827898340299725532531738281250000000000E-04
    0.551280593872070312500000000000000000000000E+02    0.946367654250934720039367675781250000000000E-04
    0.562417488098144531250000000000000000000000E+02    0.895740158739499747753143310546875000000000E-04
    0.573778800964355468750000000000000000000000E+02    0.847796254674904048442840576171875000000000E-04
    0.585370178222656250000000000000000000000000E+02    0.802394788479432463645935058593750000000000E-04
    0.597195167541503906250000000000000000000000E+02    0.759401882532984018325805664062500000000000E-04
    0.609259529113769531250000000000000000000000E+02    0.718690644134767353534698486328125000000000E-04
    0.621567726135253906250000000000000000000000E+02    0.680140947224572300910949707031250000000000E-04
    0.634123916625976562500000000000000000000000E+02    0.643638850306160748004913330078125000000000E-04
    0.646934356689453125000000000000000000000000E+02    0.609076414548326283693313598632812500000000E-04
    0.660002975463867187500000000000000000000000E+02    0.576351267227437347173690795898437500000000E-04
    0.673336257934570312500000000000000000000000E+02    0.545366456208284944295883178710937500000000E-04
    0.686938171386718750000000000000000000000000E+02    0.516030195285566151142120361328125000000000E-04
    0.700815582275390625000000000000000000000000E+02    0.488255427626427263021469116210937500000000E-04
    0.714972610473632812500000000000000000000000E+02    0.461959680251311510801315307617187500000000E-04
    0.729416351318359375000000000000000000000000E+02    0.437064700236078351736068725585937500000000E-04
    0.744151153564453125000000000000000000000000E+02    0.413496527471579611301422119140625000000000E-04
    0.759184341430664062500000000000000000000000E+02    0.391184985346626490354537963867187500000000E-04
    0.774520568847656250000000000000000000000000E+02    0.370063607988413423299789428710937500000000E-04
    0.790167236328125000000000000000000000000000E+02    0.350069421983789652585983276367187500000000E-04
    0.806129302978515625000000000000000000000000E+02    0.331142655340954661369323730468750000000000E-04
    0.822414550781250000000000000000000000000000E+02    0.313226773869246244430541992187500000000000E-04
    0.839028015136718750000000000000000000000000E+02    0.296268244710518047213554382324218750000000E-04
    0.855977935791015625000000000000000000000000E+02    0.280216372630093246698379516601562500000000E-04
    0.873269348144531250000000000000000000000000E+02    0.265023081738036125898361206054687500000000E-04
    0.890910949707031250000000000000000000000000E+02    0.250642842729575932025909423828125000000000E-04
    0.908908081054687500000000000000000000000000E+02    0.237032490986166521906852722167968750000000E-04
    0.927269744873046875000000000000000000000000E+02    0.224151117436122149229049682617187500000000E-04
    0.946001358032226562500000000000000000000000E+02    0.211959995795041322708129882812500000000000E-04
    0.965112304687500000000000000000000000000000E+02    0.200422491616336628794670104980468750000000E-04
    0.984608383178710937500000000000000000000000E+02    0.189503880392294377088546752929687500000000E-04
    0.100449920654296875000000000000000000000000E+03    0.179171292984392493963241577148437500000000E-04
    0.102479194641113281250000000000000000000000E+03    0.169393515534466132521629333496093750000000E-04
    0.104549354553222656250000000000000000000000E+03    0.160141025844495743513107299804687500000000E-04
    0.106661445617675781250000000000000000000000E+03    0.151385838762507773935794830322265625000000E-04
    0.108816093444824218750000000000000000000000E+03    0.143101533467415720224380493164062500000000E-04
    0.111014373779296875000000000000000000000000E+03    0.135263007905450649559497833251953125000000E-04
    0.113256958007812500000000000000000000000000E+03    0.127846524264896288514137268066406250000000E-04
    0.115544944763183593750000000000000000000000E+03    0.120829572551883757114410400390625000000000E-04
    0.117879058837890625000000000000000000000000E+03    0.114190843305550515651702880859375000000000E-04
    0.120260421752929687500000000000000000000000E+03    0.107910163933411240577697753906250000000000E-04
    0.122689781188964843750000000000000000000000E+03    0.101968416856834664940834045410156250000000E-04
    0.125168350219726562500000000000000000000000E+03    0.963475213211495429277420043945312500000000E-05
    0.127696846008300781250000000000000000000000E+03    0.910303424461744725704193115234375000000000E-05
    0.130276565551757812500000000000000000000000E+03    0.860006548464298248291015625000000000000000E-05
    0.132908248901367187500000000000000000000000E+03    0.812430880614556372165679931640625000000000E-05
    0.135593231201171875000000000000000000000000E+03    0.767430901760235428810119628906250000000000E-05
    0.138332336425781250000000000000000000000000E+03    0.724868868928751908242702484130859375000000E-05
    0.141126892089843750000000000000000000000000E+03    0.684614406054606661200523376464843750000000E-05
    0.143977767944335937500000000000000000000000E+03    0.646543912807828746736049652099609375000000E-05
    0.146886383056640625000000000000000000000000E+03    0.610540473644505254924297332763671875000000E-05
    0.149853607177734375000000000000000000000000E+03    0.576493403059430420398712158203125000000000E-05
    0.152880935668945312500000000000000000000000E+03    0.544297790838754735887050628662109375000000E-05
    0.155969253540039062500000000000000000000000E+03    0.513854547534720040857791900634765625000000E-05
    0.159120101928710937500000000000000000000000E+03    0.485069540445692837238311767578125000000000E-05
    0.162334472656250000000000000000000000000000E+03    0.457853820989839732646942138671875000000000E-05
    0.165613922119140625000000000000000000000000E+03    0.432123169957776553928852081298828125000000E-05
    0.168959625244140625000000000000000000000000E+03    0.407797779189422726631164550781250000000000E-05
    0.172372741699218750000000000000000000000000E+03    0.384802160624531097710132598876953125000000E-05
    0.175854980468750000000000000000000000000000E+03    0.363064941666380036622285842895507812500000E-05
    0.179407409667968750000000000000000000000000E+03    0.342518433171790093183517456054687500000000E-05
    0.183031753540039062500000000000000000000000E+03    0.323098606713756453245878219604492187500000E-05
    0.186729156494140625000000000000000000000000E+03    0.304744821733038406819105148315429687500000E-05
    0.190501419067382812500000000000000000000000E+03    0.287399689113954082131385803222656250000000E-05
    0.194349700927734375000000000000000000000000E+03    0.271008866548072546720504760742187500000000E-05
    0.198275924682617187500000000000000000000000E+03    0.255520990322111174464225769042968750000000E-05
    0.202281250000000000000000000000000000000000E+03    0.240887356994790025055408477783203125000000E-05
    0.206367706298828125000000000000000000000000E+03    0.227061877922096755355596542358398437500000E-05
    0.210536499023437500000000000000000000000000E+03    0.214000942833081353455781936645507812500000E-05
    0.214789718627929687500000000000000000000000E+03    0.201663260668283328413963317871093750000000E-05
    0.219128646850585937500000000000000000000000E+03    0.190009825473680393770337104797363281250000E-05
    0.223555450439453125000000000000000000000000E+03    0.179003620814910391345620155334472656250000E-05
    0.228071472167968750000000000000000000000000E+03    0.168609665252006379887461662292480468750000E-05
    0.232678924560546875000000000000000000000000E+03    0.158794830440456280484795570373535156250000E-05
    0.237379211425781250000000000000000000000000E+03    0.149527750181732699275016784667968750000000E-05
    0.242174713134765625000000000000000000000000E+03    0.140778763579874066635966300964355468750000E-05
    0.247066848754882812500000000000000000000000E+03    0.132519767248595599085092544555664062500000E-05
    0.252058044433593750000000000000000000000000E+03    0.124724226679973071441054344177246093750000E-05
    0.257149810791015625000000000000000000000000E+03    0.117366960239451145753264427185058593750000E-05
    0.262344726562500000000000000000000000000000E+03    0.110424184640578459948301315307617187500000E-05
    0.267644287109375000000000000000000000000000E+03    0.103873333046067273244261741638183593750000E-05
    0.273051177978515625000000000000000000000000E+03    0.976930891738447826355695724487304687500000E-06
    0.278567047119140625000000000000000000000000E+03    0.918632792945572873577475547790527343750000E-06
    0.284194610595703125000000000000000000000000E+03    0.863647926507837837561964988708496093750000E-06
    0.289935882568359375000000000000000000000000E+03    0.811795700883521931245923042297363281250000E-06
    0.295792785644531250000000000000000000000000E+03    0.762904960538435261696577072143554687500000E-06
    0.301768341064453125000000000000000000000000E+03    0.716813872259081108495593070983886718750000E-06
    0.307864318847656250000000000000000000000000E+03    0.673369186188210733234882354736328125000000E-06
    0.314083740234375000000000000000000000000000E+03    0.632425724234053632244467735290527343750000E-06
    0.320428497314453125000000000000000000000000E+03    0.593846380070317536592483520507812500000000E-06
    0.326901702880859375000000000000000000000000E+03    0.557501209641486639156937599182128906250000E-06
    0.333505401611328125000000000000000000000000E+03    0.523267260632565012201666831970214843750000E-06
    0.340242828369140625000000000000000000000000E+03    0.491028117721725720912218093872070312500000E-06
    0.347116027832031250000000000000000000000000E+03    0.460673476254669367335736751556396484375000E-06
    0.354128387451171875000000000000000000000000E+03    0.432099284353171242401003837585449218750000E-06
    0.361282073974609375000000000000000000000000E+03    0.405206861842088983394205570220947265625000E-06
    0.368580627441406250000000000000000000000000E+03    0.379902814984234282746911048889160156250000E-06
    0.376026275634765625000000000000000000000000E+03    0.356098666998150292783975601196289062500000E-06
    0.383622650146484375000000000000000000000000E+03    0.333710687527855043299496173858642578125000E-06
    0.391372161865234375000000000000000000000000E+03    0.312659722112584859132766723632812500000000E-06
    0.399278594970703125000000000000000000000000E+03    0.292870822704571764916181564331054687500000E-06
    0.407344360351562500000000000000000000000000E+03    0.274272991873658611439168453216552734375000E-06
    0.415573425292968750000000000000000000000000E+03    0.256799069120461354032158851623535156250000E-06
    0.423968383789062500000000000000000000000000E+03    0.240385475080984178930521011352539062500000E-06
    0.432533294677734375000000000000000000000000E+03    0.224971969942089344840496778488159179687500E-06
    0.441270843505859375000000000000000000000000E+03    0.210501596598078322131186723709106445312500E-06
    0.450185302734375000000000000000000000000000E+03    0.196920410644452203996479511260986328125000E-06
    0.459279449462890625000000000000000000000000E+03    0.184177409323638130445033311843872070312500E-06
    0.468557678222656250000000000000000000000000E+03    0.172224289940459129866212606430053710937500E-06
    0.478023437500000000000000000000000000000000E+03    0.161015336175296397414058446884155273437500E-06
    0.487679901123046875000000000000000000000000E+03    0.150507247553832712583243846893310546875000E-06
    0.497531890869140625000000000000000000000000E+03    0.140659111025343008805066347122192382812500E-06
    0.507582427978515625000000000000000000000000E+03    0.131432230432437791023403406143188476562500E-06
    0.517836547851562500000000000000000000000000E+03    0.122789941769951838068664073944091796875000E-06
    0.528297302246093750000000000000000000000000E+03    0.114697634501226275460794568061828613281250E-06
    0.538969848632812500000000000000000000000000E+03    0.107122524184433132177218794822692871093750E-06
    0.549857482910156250000000000000000000000000E+03    0.100033609840011195046827197074890136718750E-06
    0.560965576171875000000000000000000000000000E+03    0.934016171072471479419618844985961914062500E-07
    0.572297607421875000000000000000000000000000E+03    0.871988348194463469553738832473754882812500E-07
    0.583859008789062500000000000000000000000000E+03    0.813991505310696084052324295043945312500000E-07
    0.595653442382812500000000000000000000000000E+03    0.759778586711945536080747842788696289062500E-07
    0.607686706542968750000000000000000000000000E+03    0.709116463326608936768025159835815429687500E-07
    0.619962463378906250000000000000000000000000E+03    0.661785080069421383086591958999633789062500E-07
    0.632486877441406250000000000000000000000000E+03    0.617576674244446621742099523544311523437500E-07
    0.645263610839843750000000000000000000000000E+03    0.576295491327982745133340358734130859375000E-07
    0.658299133300781250000000000000000000000000E+03    0.537756754681595339206978678703308105468750E-07
    0.671597290039062500000000000000000000000000E+03    0.501786523443570331437513232231140136718750E-07
    0.685164794921875000000000000000000000000000E+03    0.468221124094725382747128605842590332031250E-07
    0.699005676269531250000000000000000000000000E+03    0.436906262279990187380462884902954101562500E-07
    0.713126892089843750000000000000000000000000E+03    0.407696845172722532879561185836791992187500E-07
    0.727532653808593750000000000000000000000000E+03    0.380456306459109327988699078559875488281250E-07
    0.742230102539062500000000000000000000000000E+03    0.355056428702482662629336118698120117187500E-07
    0.757223754882812500000000000000000000000000E+03    0.331376774909131199819967150688171386718750E-07
    0.772521057128906250000000000000000000000000E+03    0.309304262202658719616010785102844238281250E-07
    0.788127380371093750000000000000000000000000E+03    0.288732753261911057052202522754669189453125E-07
    0.804048156738281250000000000000000000000000E+03    0.269562718813176616095006465911865234375000E-07
    0.820291442871093750000000000000000000000000E+03    0.251700686959566155564971268177032470703125E-07
    0.836861999511718750000000000000000000000000E+03    0.235059030018192061106674373149871826171875E-07
    0.853768066406250000000000000000000000000000E+03    0.219555769120916011161170899868011474609375E-07
    0.871014953613281250000000000000000000000000E+03    0.205114769613601310993544757366180419921875E-07
    0.888611083984375000000000000000000000000000E+03    0.191664710769146040547639131546020507812500E-07
    0.906562561035156250000000000000000000000000E+03    0.179137362721348836203105747699737548828125E-07
    0.924875000000000000000000000000000000000000E+03    0.167467835154866406810469925403594970703125E-07
    0.943559204101562500000000000000000000000000E+03    0.156597241840472634066827595233917236328125E-07
    0.962620788574218750000000000000000000000000E+03    0.146476359930147737031802535057067871093750E-07
    0.982067504882812500000000000000000000000000E+03    0.137058959737146324187051504850387573242188E-07
    0.100190509033203125000000000000000000000000E+04    0.128287309664187887392472475767135620117188E-07
    0.102214538574218750000000000000000000000000E+04    0.120096270705971619463525712490081787109375E-07
