    0.999999974737875163555145263671875000000000E-04    0.601334953308105468750000000000000000000000E+02
    0.102020130725577473640441894531250000000000E-03    0.612987327575683593750000000000000000000000E+02
    0.104081082099582999944686889648437500000000E-03    0.624865303039550781250000000000000000000000E+02
    0.106183659227099269628524780273437500000000E-03    0.636973228454589843750000000000000000000000E+02
    0.108328706119209527969360351562500000000000E-03    0.649315490722656250000000000000000000000000E+02
    0.110517095890827476978302001953125000000000E-03    0.661896743774414062500000000000000000000000E+02
    0.112749679828993976116180419921875000000000E-03    0.674721527099609375000000000000000000000000E+02
    0.115027374704368412494659423828125000000000E-03    0.687794418334960937500000000000000000000000E+02
    0.117351090011652559041976928710937500000000E-03    0.701120376586914062500000000000000000000000E+02
    0.119721727969590574502944946289062500000000E-03    0.714704208374023437500000000000000000000000E+02
    0.122140278108417987823486328125000000000000E-03    0.728550949096679687500000000000000000000000E+02
    0.124607671750709414482116699218750000000000E-03    0.742665557861328125000000000000000000000000E+02
    0.127124920254573225975036621093750000000000E-03    0.757053222656250000000000000000000000000000E+02
    0.129692998598329722881317138671875000000000E-03    0.771719284057617187500000000000000000000000E+02
    0.132312969071790575981140136718750000000000E-03    0.786669082641601562500000000000000000000000E+02
    0.134985879412852227687835693359375000000000E-03    0.801907958984375000000000000000000000000000E+02
    0.137712777359411120414733886718750000000000E-03    0.817441711425781250000000000000000000000000E+02
    0.140494754305109381675720214843750000000000E-03    0.833275833129882812500000000000000000000000E+02
    0.143332930747419595718383789062500000000000E-03    0.849416198730468750000000000000000000000000E+02
    0.146228456287644803524017333984375000000000E-03    0.865868606567382812500000000000000000000000E+02
    0.149182465975172817707061767578125000000000E-03    0.882639083862304687500000000000000000000000E+02
    0.152196153067052364349365234375000000000000E-03    0.899733810424804687500000000000000000000000E+02
    0.155270710820332169532775878906250000000000E-03    0.917158966064453125000000000000000000000000E+02
    0.158407390699721872806549072265625000000000E-03    0.934920883178710937500000000000000000000000E+02
    0.161607444169931113719940185546875000000000E-03    0.953026046752929687500000000000000000000000E+02
    0.164872122695669531822204589843750000000000E-03    0.971481018066406250000000000000000000000000E+02
    0.168202750501222908496856689453125000000000E-03    0.990292587280273437500000000000000000000000E+02
    0.171600666362792253494262695312500000000000E-03    0.100946754455566406250000000000000000000000E+03
    0.175067238160409033298492431640625000000000E-03    0.102901283264160156250000000000000000000000E+03
    0.178603833774104714393615722656250000000000E-03    0.104893562316894531250000000000000000000000E+03
    0.182211864739656448364257812500000000000000E-03    0.106924308776855468750000000000000000000000E+03
    0.185892800800502300262451171875000000000000E-03    0.108994255065917968750000000000000000000000E+03
    0.189648068044334650039672851562500000000000E-03    0.111104164123535156250000000000000000000000E+03
    0.193479223526082932949066162109375000000000E-03    0.113254791259765625000000000000000000000000E+03
    0.197387780644930899143218994140625000000000E-03    0.115446922302246093750000000000000000000000E+03
    0.201375267351977527141571044921875000000000E-03    0.117681335449218750000000000000000000000000E+03
    0.205443298909813165664672851562500000000000E-03    0.119958847045898437500000000000000000000000E+03
    0.209593548788689076900482177734375000000000E-03    0.122280281066894531250000000000000000000000E+03
    0.213827603147365152835845947265625000000000E-03    0.124646469116210937500000000000000000000000E+03
    0.218147222767584025859832763671875000000000E-03    0.127058273315429687500000000000000000000000E+03
    0.222554081119596958160400390625000000000000E-03    0.129516555786132812500000000000000000000000E+03
    0.227049968088977038860321044921875000000000E-03    0.132022201538085937500000000000000000000000E+03
    0.231636688113212585449218750000000000000000E-03    0.134576110839843750000000000000000000000000E+03
    0.236316060181707143783569335937500000000000E-03    0.137179214477539062500000000000000000000000E+03
    0.241089961491525173187255859375000000000000E-03    0.139832427978515625000000000000000000000000E+03
    0.245960312895476818084716796875000000000000E-03    0.142536697387695312500000000000000000000000E+03
    0.250929006142541766166687011718750000000000E-03    0.145293014526367187500000000000000000000000E+03
    0.255998136708512902259826660156250000000000E-03    0.148102340698242187500000000000000000000000E+03
    0.261169654550030827522277832031250000000000E-03    0.150965698242187500000000000000000000000000E+03
    0.266445596935227513313293457031250000000000E-03    0.153884109497070312500000000000000000000000E+03
    0.271828175755217671394348144531250000000000E-03    0.156858581542968750000000000000000000000000E+03
    0.277319486485794186592102050781250000000000E-03    0.159890213012695312500000000000000000000000E+03
    0.282921682810410857200622558593750000000000E-03    0.162980056762695312500000000000000000000000E+03
    0.288637093035504221916198730468750000000000E-03    0.166129211425781250000000000000000000000000E+03
    0.294467929052188992500305175781250000000000E-03    0.169338790893554687500000000000000000000000E+03
    0.300416606478393077850341796875000000000000E-03    0.172609939575195312500000000000000000000000E+03
    0.306485395412892103195190429687500000000000E-03    0.175943817138671875000000000000000000000000E+03
    0.312676827888935804367065429687500000000000E-03    0.179341583251953125000000000000000000000000E+03
    0.318993290420621633529663085937500000000000E-03    0.182804428100585937500000000000000000000000E+03
    0.325437402352690696716308593750000000000000E-03    0.186333587646484375000000000000000000000000E+03
    0.332011666614562273025512695312500000000000E-03    0.189930282592773437500000000000000000000000E+03
    0.338718760758638381958007812500000000000000E-03    0.193595764160156250000000000000000000000000E+03
    0.345561362337321043014526367187500000000000E-03    0.197331329345703125000000000000000000000000E+03
    0.352542119799181818962097167968750000000000E-03    0.201138259887695312500000000000000000000000E+03
    0.359663943527266383171081542968750000000000E-03    0.205017898559570312500000000000000000000000E+03
    0.366929627489298582077026367187500000000000E-03    0.208971572875976562500000000000000000000000E+03
    0.374342111172154545783996582031250000000000E-03    0.213000656127929687500000000000000000000000E+03
    0.381904304958879947662353515625000000000000E-03    0.217106536865234375000000000000000000000000E+03
    0.389619322959333658218383789062500000000000E-03    0.221290634155273437500000000000000000000000E+03
    0.397490162868052721023559570312500000000000E-03    0.225554382324218750000000000000000000000000E+03
    0.405519997002556920051574707031250000000000E-03    0.229899230957031250000000000000000000000000E+03
    0.413712026784196496009826660156250000000000E-03    0.234326675415039062500000000000000000000000E+03
    0.422069540945813059806823730468750000000000E-03    0.238838195800781250000000000000000000000000E+03
    0.430595915531739592552185058593750000000000E-03    0.243435348510742187500000000000000000000000E+03
    0.439294555690139532089233398437500000000000E-03    0.248119674682617187500000000000000000000000E+03
    0.448168895673006772994995117187500000000000E-03    0.252892745971679687500000000000000000000000E+03
    0.457222486147657036781311035156250000000000E-03    0.257756164550781250000000000000000000000000E+03
    0.466458965092897415161132812500000000000000E-03    0.262711578369140625000000000000000000000000E+03
    0.475882086902856826782226562500000000000000E-03    0.267760620117187500000000000000000000000000E+03
    0.485495547764003276824951171875000000000000E-03    0.272904937744140625000000000000000000000000E+03
    0.495303189381957054138183593750000000000000E-03    0.278146270751953125000000000000000000000000E+03
    0.505309028085321187973022460937500000000000E-03    0.283486358642578125000000000000000000000000E+03
    0.515516963787376880645751953125000000000000E-03    0.288926910400390625000000000000000000000000E+03
    0.525931071024388074874877929687500000000000E-03    0.294469696044921875000000000000000000000000E+03
    0.536555540747940540313720703125000000000000E-03    0.300116577148437500000000000000000000000000E+03
    0.547394680324941873550415039062500000000000E-03    0.305869293212890625000000000000000000000000E+03
    0.558452797122299671173095703125000000000000E-03    0.311729766845703125000000000000000000000000E+03
    0.569734314922243356704711914062500000000000E-03    0.317699859619140625000000000000000000000000E+03
    0.581243715714663267135620117187500000000000E-03    0.323781463623046875000000000000000000000000E+03
    0.592985597904771566390991210937500000000000E-03    0.329976470947265625000000000000000000000000E+03
    0.604964734520763158798217773437500000000000E-03    0.336286865234375000000000000000000000000000E+03
    0.617185782175511121749877929687500000000000E-03    0.342714630126953125000000000000000000000000E+03
    0.629653746727854013442993164062500000000000E-03    0.349261749267578125000000000000000000000000E+03
    0.642373692244291305541992187500000000000000E-03    0.355930206298828125000000000000000000000000E+03
    0.655350449960678815841674804687500000000000E-03    0.362722137451171875000000000000000000000000E+03
    0.668589433189481496810913085937500000000000E-03    0.369639526367187500000000000000000000000000E+03
    0.682095822412520647048950195312500000000000E-03    0.376684570312500000000000000000000000000000E+03
    0.695875030942261219024658203125000000000000E-03    0.383859313964843750000000000000000000000000E+03
    0.709932646714150905609130859375000000000000E-03    0.391165924072265625000000000000000000000000E+03
    0.724274199455976486206054687500000000000000E-03    0.398606567382812500000000000000000000000000E+03
    0.738905626349151134490966796875000000000000E-03    0.406183410644531250000000000000000000000000E+03
    0.753832457121461629867553710937500000000000E-03    0.413898712158203125000000000000000000000000E+03
    0.769060861784964799880981445312500000000000E-03    0.421754638671875000000000000000000000000000E+03
    0.784596893936395645141601562500000000000000E-03    0.429753509521484375000000000000000000000000E+03
    0.800446781795471906661987304687500000000000E-03    0.437897583007812500000000000000000000000000E+03
    0.816616869997233152389526367187500000000000E-03    0.446189147949218750000000000000000000000000E+03
    0.833113677799701690673828125000000000000000E-03    0.454630554199218750000000000000000000000000E+03
    0.849943608045578002929687500000000000000000E-03    0.463224121093750000000000000000000000000000E+03
    0.867113587446510791778564453125000000000000E-03    0.471972229003906250000000000000000000000000E+03
    0.884630659129470586776733398437500000000000E-03    0.480877197265625000000000000000000000000000E+03
    0.902501342352479696273803710937500000000000E-03    0.489941467285156250000000000000000000000000E+03
    0.920733029488474130630493164062500000000000E-03    0.499167449951171875000000000000000000000000E+03
    0.939333112910389900207519531250000000000000E-03    0.508557525634765625000000000000000000000000E+03
    0.958308868575841188430786132812500000000000E-03    0.518114196777343750000000000000000000000000E+03
    0.977667979896068572998046875000000000000000E-03    0.527839843750000000000000000000000000000000E+03
    0.997418188489973545074462890625000000000000E-03    0.537737060546875000000000000000000000000000E+03
    0.101756735239177942276000976562500000000000E-02    0.547808227539062500000000000000000000000000E+03
    0.103812362067401409149169921875000000000000E-02    0.558055908203125000000000000000000000000000E+03
    0.105909502599388360977172851562500000000000E-02    0.568482543945312500000000000000000000000000E+03
    0.108049006666988134384155273437500000000000E-02    0.579090698242187500000000000000000000000000E+03
    0.110231747385114431381225585937500000000000E-02    0.589882934570312500000000000000000000000000E+03
    0.112458574585616588592529296875000000000000E-02    0.600861694335937500000000000000000000000000E+03
    0.114730407949537038803100585937500000000000E-02    0.612029541015625000000000000000000000000000E+03
    0.117048120591789484024047851562500000000000E-02    0.623389099121093750000000000000000000000000E+03
    0.119412643834948539733886718750000000000000E-02    0.634942810058593750000000000000000000000000E+03
    0.121824943926185369491577148437500000000000E-02    0.646693298339843750000000000000000000000000E+03
    0.124285963829606771469116210937500000000000E-02    0.658643066406250000000000000000000000000000E+03
    0.126796704716980457305908203125000000000000E-02    0.670794738769531250000000000000000000000000E+03
    0.129358167760074138641357421875000000000000E-02    0.683150756835937500000000000000000000000000E+03
    0.131971365772187709808349609375000000000000E-02    0.695713684082031250000000000000000000000000E+03
    0.134637358132749795913696289062500000000000E-02    0.708486145019531250000000000000000000000000E+03
    0.137357215862721204757690429687500000000000E-02    0.721470520019531250000000000000000000000000E+03
    0.140132009983062744140625000000000000000000E-02    0.734669433593750000000000000000000000000000E+03
    0.142962858080863952636718750000000000000000E-02    0.748085327148437500000000000000000000000000E+03
    0.145850901026278734207153320312500000000000E-02    0.761720703125000000000000000000000000000000E+03
    0.148797314614057540893554687500000000000000E-02    0.775578002929687500000000000000000000000000E+03
    0.151803228072822093963623046875000000000000E-02    0.789659606933593750000000000000000000000000E+03
    0.154869852121919393539428710937500000000000E-02    0.803968017578125000000000000000000000000000E+03
    0.157998420763760805130004882812500000000000E-02    0.818505493164062500000000000000000000000000E+03
    0.161190202925354242324829101562500000000000E-02    0.833274475097656250000000000000000000000000E+03
    0.164446467533707618713378906250000000000000E-02    0.848277099609375000000000000000000000000000E+03
    0.167768495157361030578613281250000000000000E-02    0.863515747070312500000000000000000000000000E+03
    0.171157636214047670364379882812500000000000E-02    0.878992614746093750000000000000000000000000E+03
    0.174615241121500730514526367187500000000000E-02    0.894709777832031250000000000000000000000000E+03
    0.178142695222049951553344726562500000000000E-02    0.910669372558593750000000000000000000000000E+03
    0.181741418782621622085571289062500000000000E-02    0.926873474121093750000000000000000000000000E+03
    0.185412843711674213409423828125000000000000E-02    0.943324035644531250000000000000000000000000E+03
    0.189158413559198379516601562500000000000000E-02    0.960023010253906250000000000000000000000000E+03
    0.192979711573570966720581054687500000000000E-02    0.976972167968750000000000000000000000000000E+03
    0.196878169663250446319580078125000000000000E-02    0.994173278808593750000000000000000000000000E+03
    0.200855359435081481933593750000000000000000E-02    0.101162805175781250000000000000000000000000E+04
    0.204912899062037467956542968750000000000000E-02    0.102933801269531250000000000000000000000000E+04
    0.209052418358623981475830078125000000000000E-02    0.104730480957031250000000000000000000000000E+04
    0.213275570422410964965820312500000000000000E-02    0.106552966308593750000000000000000000000000E+04
    0.217583985067903995513916015625000000000000E-02    0.108401403808593750000000000000000000000000E+04
    0.221979478374123573303222656250000000000000E-02    0.110275903320312500000000000000000000000000E+04
    0.226463773287832736968994140625000000000000E-02    0.112176574707031250000000000000000000000000E+04
    0.231038639321923255920410156250000000000000E-02    0.114103527832031250000000000000000000000000E+04
    0.235705915838479995727539062500000000000000E-02    0.116056848144531250000000000000000000000000E+04
    0.240467488765716552734375000000000000000000E-02    0.118036596679687500000000000000000000000000E+04
    0.245325244031846523284912109375000000000000E-02    0.120042858886718750000000000000000000000000E+04
    0.250281183980405330657958984375000000000000E-02    0.122075659179687500000000000000000000000000E+04
    0.255337217822670936584472656250000000000000E-02    0.124135046386718750000000000000000000000000E+04
    0.260495371185243129730224609375000000000000E-02    0.126221044921875000000000000000000000000000E+04
    0.265757716260850429534912109375000000000000E-02    0.128333642578125000000000000000000000000000E+04
    0.271126371808350086212158203125000000000000E-02    0.130472851562500000000000000000000000000000E+04
    0.276603479869663715362548828125000000000000E-02    0.132638635253906250000000000000000000000000E+04
    0.282191229052841663360595703125000000000000E-02    0.134830957031250000000000000000000000000000E+04
    0.287891877815127372741699218750000000000000E-02    0.137049743652343750000000000000000000000000E+04
    0.293707661330699920654296875000000000000000E-02    0.139294921875000000000000000000000000000000E+04
    0.299640954472124576568603515625000000000000E-02    0.141566394042968750000000000000000000000000E+04
    0.305694085545837879180908203125000000000000E-02    0.143864062500000000000000000000000000000000E+04
    0.311869522556662559509277343750000000000000E-02    0.146187768554687500000000000000000000000000E+04
    0.318169780075550079345703125000000000000000E-02    0.148537353515625000000000000000000000000000E+04
    0.324597232975065708160400390625000000000000E-02    0.150912634277343750000000000000000000000000E+04
    0.331154512241482734680175781250000000000000E-02    0.153313403320312500000000000000000000000000E+04
    0.337844272144138813018798828125000000000000E-02    0.155739428710937500000000000000000000000000E+04
    0.344669190235435962677001953125000000000000E-02    0.158190466308593750000000000000000000000000E+04
    0.351631967350840568542480468750000000000000E-02    0.160666223144531250000000000000000000000000E+04
    0.358735374175012111663818359375000000000000E-02    0.163166394042968750000000000000000000000000E+04
    0.365982321090996265411376953125000000000000E-02    0.165690661621093750000000000000000000000000E+04
    0.373375625349581241607666015625000000000000E-02    0.168238635253906250000000000000000000000000E+04
    0.380918313749134540557861328125000000000000E-02    0.170809924316406250000000000000000000000000E+04
    0.388613343238830566406250000000000000000000E-02    0.173404113769531250000000000000000000000000E+04
    0.396463880315423011779785156250000000000000E-02    0.176020715332031250000000000000000000000000E+04
    0.404472928494215011596679687500000000000000E-02    0.178659265136718750000000000000000000000000E+04
    0.412643933668732643127441406250000000000000E-02    0.181319238281250000000000000000000000000000E+04
    0.420979922637343406677246093750000000000000E-02    0.184000085449218750000000000000000000000000E+04
    0.429484248161315917968750000000000000000000E-02    0.186701220703125000000000000000000000000000E+04
    0.438160402700304985046386718750000000000000E-02    0.189422033691406250000000000000000000000000E+04
    0.447011832147836685180664062500000000000000E-02    0.192161901855468750000000000000000000000000E+04
    0.456042028963565826416015625000000000000000E-02    0.194920068359375000000000000000000000000000E+04
    0.465254718437790870666503906250000000000000E-02    0.197695751953125000000000000000000000000000E+04
    0.474653439596295356750488281250000000000000E-02    0.200488110351562500000000000000000000000000E+04
    0.484242103993892669677734375000000000000000E-02    0.203296276855468750000000000000000000000000E+04
    0.494024436920881271362304687500000000000000E-02    0.206119360351562500000000000000000000000000E+04
    0.504004349932074546813964843750000000000000E-02    0.208956518554687500000000000000000000000000E+04
    0.514185894280672073364257812500000000000000E-02    0.211807006835937500000000000000000000000000E+04
    0.524573167786002159118652343750000000000000E-02    0.214669995117187500000000000000000000000000E+04
    0.535170361399650573730468750000000000000000E-02    0.217544677734375000000000000000000000000000E+04
    0.545981479808688163757324218750000000000000E-02    0.220430151367187500000000000000000000000000E+04
    0.557011039927601814270019531250000000000000E-02    0.223325097656250000000000000000000000000000E+04
    0.568263372406363487243652343750000000000000E-02    0.226228027343750000000000000000000000000000E+04
    0.579743087291717529296875000000000000000000E-02    0.229137280273437500000000000000000000000000E+04
    0.591454654932022094726562500000000000000000E-02    0.232051220703125000000000000000000000000000E+04
    0.603402825072407722473144531250000000000000E-02    0.234968164062500000000000000000000000000000E+04
    0.615592347458004951477050781250000000000000E-02    0.237886743164062500000000000000000000000000E+04
    0.628028111532330513000488281250000000000000E-02    0.240805712890625000000000000000000000000000E+04
    0.640715099871158599853515625000000000000000E-02    0.243723779296875000000000000000000000000000E+04
    0.653658434748649597167968750000000000000000E-02    0.246639648437500000000000000000000000000000E+04
    0.666863145306706428527832031250000000000000E-02    0.249551879882812500000000000000000000000000E+04
    0.680334679782390594482421875000000000000000E-02    0.252458715820312500000000000000000000000000E+04
    0.694078346714377403259277343750000000000000E-02    0.255358105468750000000000000000000000000000E+04
    0.708099640905857086181640625000000000000000E-02    0.258247973632812500000000000000000000000000E+04
    0.722404150292277336120605468750000000000000E-02    0.261126220703125000000000000000000000000000E+04
    0.736997742205858230590820312500000000000000E-02    0.263990649414062500000000000000000000000000E+04
    0.751886051148176193237304687500000000000000E-02    0.266839453125000000000000000000000000000000E+04
    0.767075084149837493896484375000000000000000E-02    0.269670751953125000000000000000000000000000E+04
    0.782571360468864440917968750000000000000000E-02    0.272482714843750000000000000000000000000000E+04
    0.798380374908447265625000000000000000000000E-02    0.275273510742187500000000000000000000000000E+04
    0.814508739858865737915039062500000000000000E-02    0.278041113281250000000000000000000000000000E+04
    0.830962881445884704589843750000000000000000E-02    0.280783227539062500000000000000000000000000E+04
    0.847749505192041397094726562500000000000000E-02    0.283497338867187500000000000000000000000000E+04
    0.864875130355358123779296875000000000000000E-02    0.286180957031250000000000000000000000000000E+04
    0.882346741855144500732421875000000000000000E-02    0.288831469726562500000000000000000000000000E+04
    0.900171231478452682495117187500000000000000E-02    0.291446289062500000000000000000000000000000E+04
    0.918355956673622131347656250000000000000000E-02    0.294022583007812500000000000000000000000000E+04
    0.936907902359962463378906250000000000000000E-02    0.296557470703125000000000000000000000000000E+04
    0.955834705382585525512695312500000000000000E-02    0.299048046875000000000000000000000000000000E+04
    0.975143909454345703125000000000000000000000E-02    0.301491357421875000000000000000000000000000E+04
    0.994843058288097381591796875000000000000000E-02    0.303884448242187500000000000000000000000000E+04
    0.101494016125798225402832031250000000000000E-01    0.306224267578125000000000000000000000000000E+04
    0.103544332087039947509765625000000000000000E-01    0.308507812500000000000000000000000000000000E+04
    0.105636063963174819946289062500000000000000E-01    0.310731982421875000000000000000000000000000E+04
    0.107770059257745742797851562500000000000000E-01    0.312893725585937500000000000000000000000000E+04
    0.109947146847844123840332031250000000000000E-01    0.314989868164062500000000000000000000000000E+04
    0.112168220803141593933105468750000000000000E-01    0.317017089843750000000000000000000000000000E+04
    0.114434175193309783935546875000000000000000E-01    0.318971972656250000000000000000000000000000E+04
    0.116745894774794578552246093750000000000000E-01    0.320851049804687500000000000000000000000000E+04
    0.119104310870170593261718750000000000000000E-01    0.322650952148437500000000000000000000000000E+04
    0.121510382741689682006835937500000000000000E-01    0.324368212890625000000000000000000000000000E+04
    0.123965051025152206420898437500000000000000E-01    0.325999218750000000000000000000000000000000E+04
    0.126469302922487258911132812500000000000000E-01    0.327540356445312500000000000000000000000000E+04
    0.129024153575301170349121093750000000000000E-01    0.328988037109375000000000000000000000000000E+04
    0.131630674004554748535156250000000000000000E-01    0.330338671875000000000000000000000000000000E+04
    0.134289795532822608947753906250000000000000E-01    0.331588671875000000000000000000000000000000E+04
    0.137002617120742797851562500000000000000000E-01    0.332734350585937500000000000000000000000000E+04
    0.139770256355404853820800781250000000000000E-01    0.333771972656250000000000000000000000000000E+04
    0.142593793570995330810546875000000000000000E-01    0.334697875976562500000000000000000000000000E+04
    0.145474374294281005859375000000000000000000E-01    0.335508544921875000000000000000000000000000E+04
    0.148413162678480148315429687500000000000000E-01    0.336200439453125000000000000000000000000000E+04
    0.151411294937133789062500000000000000000000E-01    0.336769921875000000000000000000000000000000E+04
    0.154470009729266166687011718750000000000000E-01    0.337213500976562500000000000000000000000000E+04
    0.157590489834547042846679687500000000000000E-01    0.337527783203125000000000000000000000000000E+04
    0.160774048417806625366210937500000000000000E-01    0.337709497070312500000000000000000000000000E+04
    0.164021886885166168212890625000000000000000E-01    0.337755468750000000000000000000000000000000E+04
    0.167335346341133117675781250000000000000000E-01    0.337662500000000000000000000000000000000000E+04
    0.170715730637311935424804687500000000000000E-01    0.337427612304687500000000000000000000000000E+04
    0.174164418131113052368164062500000000000000E-01    0.337047973632812500000000000000000000000000E+04
    0.177682787179946899414062500000000000000000E-01    0.336520898437500000000000000000000000000000E+04
    0.181272197514772415161132812500000000000000E-01    0.335843994140625000000000000000000000000000E+04
    0.184934139251708984375000000000000000000000E-01    0.335014965820312500000000000000000000000000E+04
    0.188670046627521514892578125000000000000000E-01    0.334031787109375000000000000000000000000000E+04
    0.192481447011232376098632812500000000000000E-01    0.332892675781250000000000000000000000000000E+04
    0.196369830518960952758789062500000000000000E-01    0.331596093750000000000000000000000000000000E+04
    0.200336743146181106567382812500000000000000E-01    0.330140893554687500000000000000000000000000E+04
    0.204383805394172668457031250000000000000000E-01    0.328526245117187500000000000000000000000000E+04
    0.208512637764215469360351562500000000000000E-01    0.326751733398437500000000000000000000000000E+04
    0.212724860757589340209960937500000000000000E-01    0.324817163085937500000000000000000000000000E+04
    0.217022281140089035034179687500000000000000E-01    0.322722656250000000000000000000000000000000E+04
    0.221406426280736923217773437500000000000000E-01    0.320468920898437500000000000000000000000000E+04
    0.225879121571779251098632812500000000000000E-01    0.318057421875000000000000000000000000000000E+04
    0.230442192405462265014648437500000000000000E-01    0.315489916992187500000000000000000000000000E+04
    0.235097426921129226684570312500000000000000E-01    0.312768481445312500000000000000000000000000E+04
    0.239846706390380859375000000000000000000000E-01    0.309895483398437500000000000000000000000000E+04
    0.244691912084817886352539062500000000000000E-01    0.306874169921875000000000000000000000000000E+04
    0.249635018408298492431640625000000000000000E-01    0.303708862304687500000000000000000000000000E+04
    0.254677981138229370117187500000000000000000E-01    0.300404125976562500000000000000000000000000E+04
    0.259822811931371688842773437500000000000000E-01    0.296964697265625000000000000000000000000000E+04
    0.265071578323841094970703125000000000000000E-01    0.293395629882812500000000000000000000000000E+04
    0.270426385104656219482421875000000000000000E-01    0.289703125000000000000000000000000000000000E+04
    0.275889337062835693359375000000000000000000E-01    0.285894677734375000000000000000000000000000E+04
    0.281462669372558593750000000000000000000000E-01    0.281977905273437500000000000000000000000000E+04
    0.287148579955101013183593750000000000000000E-01    0.277960400390625000000000000000000000000000E+04
    0.292949359863996505737304687500000000000000E-01    0.273849877929687500000000000000000000000000E+04
    0.298867337405681610107421875000000000000000E-01    0.269655590820312500000000000000000000000000E+04
    0.304904840886592864990234375000000000000000E-01    0.265388305664062500000000000000000000000000E+04
    0.311064328998327255249023437500000000000000E-01    0.261058593750000000000000000000000000000000E+04
    0.317348241806030273437500000000000000000000E-01    0.256676708984375000000000000000000000000000E+04
    0.323759093880653381347656250000000000000000E-01    0.252252661132812500000000000000000000000000E+04
    0.330299474298954010009765625000000000000000E-01    0.247797802734375000000000000000000000000000E+04
    0.336971953511238098144531250000000000000000E-01    0.243324584960937500000000000000000000000000E+04
    0.343779213726520538330078125000000000000000E-01    0.238844897460937500000000000000000000000000E+04
    0.350724011659622192382812500000000000000000E-01    0.234369970703125000000000000000000000000000E+04
    0.357809104025363922119140625000000000000000E-01    0.229910546875000000000000000000000000000000E+04
    0.365037508308887481689453125000000000000000E-01    0.225479443359375000000000000000000000000000E+04
    0.372411720454692840576171875000000000000000E-01    0.221090869140625000000000000000000000000000E+04
    0.379934944212436676025390625000000000000000E-01    0.216758105468750000000000000000000000000000E+04
    0.387610122561454772949218750000000000000000E-01    0.212493359375000000000000000000000000000000E+04
    0.395440347492694854736328125000000000000000E-01    0.208307690429687500000000000000000000000000E+04
    0.403428785502910614013671875000000000000000E-01    0.204209204101562500000000000000000000000000E+04
    0.411578565835952758789062500000000000000000E-01    0.200203710937500000000000000000000000000000E+04
    0.419893004000186920166015625000000000000000E-01    0.196296447753906250000000000000000000000000E+04
    0.428375415503978729248046875000000000000000E-01    0.192492126464843750000000000000000000000000E+04
    0.437029153108596801757812500000000000000000E-01    0.188795471191406250000000000000000000000000E+04
    0.445857718586921691894531250000000000000000E-01    0.185216625976562500000000000000000000000000E+04
    0.454864650964736938476562500000000000000000E-01    0.181768737792968750000000000000000000000000E+04
    0.464053489267826080322265625000000000000000E-01    0.178463891601562500000000000000000000000000E+04
    0.473427996039390563964843750000000000000000E-01    0.175313208007812500000000000000000000000000E+04
    0.482991859316825866699218750000000000000000E-01    0.172324011230468750000000000000000000000000E+04
    0.492748916149139404296875000000000000000000E-01    0.169487280273437500000000000000000000000000E+04
    0.502703115344047546386718750000000000000000E-01    0.166789196777343750000000000000000000000000E+04
    0.512858368456363677978515625000000000000000E-01    0.164216772460937500000000000000000000000000E+04
    0.523218810558319091796875000000000000000000E-01    0.161757714843750000000000000000000000000000E+04
    0.533788502216339111328125000000000000000000E-01    0.159399719238281250000000000000000000000000E+04
    0.544571764767169952392578125000000000000000E-01    0.157130407714843750000000000000000000000000E+04
    0.555572807788848876953125000000000000000000E-01    0.154938085937500000000000000000000000000000E+04
    0.566796138882637023925781250000000000000000E-01    0.152811621093750000000000000000000000000000E+04
    0.578246153891086578369140625000000000000000E-01    0.150739306640625000000000000000000000000000E+04
    0.589927472174167633056640625000000000000000E-01    0.148709094238281250000000000000000000000000E+04
    0.601844787597656250000000000000000000000000E-01    0.146709497070312500000000000000000000000000E+04
    0.614003166556358337402343750000000000000000E-01    0.144728027343750000000000000000000000000000E+04
    0.626406818628311157226562500000000000000000E-01    0.142742358398437500000000000000000000000000E+04
    0.639061108231544494628906250000000000000000E-01    0.140727185058593750000000000000000000000000E+04
    0.651970952749252319335937500000000000000000E-01    0.138658715820312500000000000000000000000000E+04
    0.665141642093658447265625000000000000000000E-01    0.136514379882812500000000000000000000000000E+04
    0.678578317165374755859375000000000000000000E-01    0.134272949218750000000000000000000000000000E+04
    0.692286565899848937988281250000000000000000E-01    0.131914990234375000000000000000000000000000E+04
    0.706271678209304809570312500000000000000000E-01    0.129423889160156250000000000000000000000000E+04
    0.720539242029190063476562500000000000000000E-01    0.126786962890625000000000000000000000000000E+04
    0.735095068812370300292968750000000000000000E-01    0.123994067382812500000000000000000000000000E+04
    0.749944970011711120605468750000000000000000E-01    0.121041931152343750000000000000000000000000E+04
    0.765094906091690063476562500000000000000000E-01    0.117941540527343750000000000000000000000000E+04
    0.780550837516784667968750000000000000000000E-01    0.114706762695312500000000000000000000000000E+04
    0.796318948268890380859375000000000000000000E-01    0.111355969238281250000000000000000000000000E+04
    0.812405645847320556640625000000000000000000E-01    0.107914721679687500000000000000000000000000E+04
    0.828817337751388549804687500000000000000000E-01    0.104408435058593750000000000000000000000000E+04
    0.845560505986213684082031250000000000000000E-01    0.100867388916015625000000000000000000000000E+04
    0.862641930580139160156250000000000000000000E-01    0.973244506835937500000000000000000000000000E+03
    0.880068466067314147949218750000000000000000E-01    0.938103881835937500000000000000000000000000E+03
    0.897847041487693786621093750000000000000000E-01    0.903567626953125000000000000000000000000000E+03
    0.915984734892845153808593750000000000000000E-01    0.869923706054687500000000000000000000000000E+03
    0.934488773345947265625000000000000000000000E-01    0.837473144531250000000000000000000000000000E+03
    0.953366756439208984375000000000000000000000E-01    0.806515502929687500000000000000000000000000E+03
    0.972625985741615295410156250000000000000000E-01    0.777302795410156250000000000000000000000000E+03
    0.992274358868598937988281250000000000000000E-01    0.750044982910156250000000000000000000000000E+03
    0.101232007145881652832031250000000000000000E+00    0.724916992187500000000000000000000000000000E+03
    0.103277020156383514404296875000000000000000E+00    0.702065612792968750000000000000000000000000E+03
    0.105363354086875915527343750000000000000000E+00    0.681579956054687500000000000000000000000000E+03
    0.107491828501224517822265625000000000000000E+00    0.663347778320312500000000000000000000000000E+03
    0.109663315117359161376953125000000000000000E+00    0.647208740234375000000000000000000000000000E+03
    0.111878655850887298583984375000000000000000E+00    0.632989562988281250000000000000000000000000E+03
    0.114138752222061157226562500000000000000000E+00    0.620346496582031250000000000000000000000000E+03
    0.116444505751132965087890625000000000000000E+00    0.608900085449218750000000000000000000000000E+03
    0.118796832859516143798828125000000000000000E+00    0.598268188476562500000000000000000000000000E+03
    0.121196687221527099609375000000000000000000E+00    0.587975158691406250000000000000000000000000E+03
    0.123645029962062835693359375000000000000000E+00    0.577549926757812500000000000000000000000000E+03
    0.126142814755439758300781250000000000000000E+00    0.566550598144531250000000000000000000000000E+03
    0.128691077232360839843750000000000000000000E+00    0.554565368652343750000000000000000000000000E+03
    0.131290808320045471191406250000000000000000E+00    0.541242797851562500000000000000000000000000E+03
    0.133943051099777221679687500000000000000000E+00    0.526428039550781250000000000000000000000000E+03
    0.136648878455162048339843750000000000000000E+00    0.510078979492187500000000000000000000000000E+03
    0.139409363269805908203125000000000000000000E+00    0.492323364257812500000000000000000000000000E+03
    0.142225623130798339843750000000000000000000E+00    0.473507202148437500000000000000000000000000E+03
    0.145098760724067687988281250000000000000000E+00    0.454007904052734375000000000000000000000000E+03
    0.148029953241348266601562500000000000000000E+00    0.434297607421875000000000000000000000000000E+03
    0.151020348072052001953125000000000000000000E+00    0.414829101562500000000000000000000000000000E+03
    0.154071167111396789550781250000000000000000E+00    0.396072692871093750000000000000000000000000E+03
    0.157183602452278137207031250000000000000000E+00    0.378457580566406250000000000000000000000000E+03
    0.160358920693397521972656250000000000000000E+00    0.362354980468750000000000000000000000000000E+03
    0.163598373532295227050781250000000000000000E+00    0.348069335937500000000000000000000000000000E+03
    0.166903272271156311035156250000000000000000E+00    0.335701934814453125000000000000000000000000E+03
    0.170275032520294189453125000000000000000000E+00    0.325214721679687500000000000000000000000000E+03
    0.173714801669120788574218750000000000000000E+00    0.316344879150390625000000000000000000000000E+03
    0.177224084734916687011718750000000000000000E+00    0.308704223632812500000000000000000000000000E+03
    0.180804237723350524902343750000000000000000E+00    0.301830078125000000000000000000000000000000E+03
    0.184456720948219299316406250000000000000000E+00    0.295244781494140625000000000000000000000000E+03
    0.188182994723320007324218750000000000000000E+00    0.288491241455078125000000000000000000000000E+03
    0.191984534263610839843750000000000000000000E+00    0.281166473388671875000000000000000000000000E+03
    0.195862874388694763183593750000000000000000E+00    0.272957153320312500000000000000000000000000E+03
    0.199819564819335937500000000000000000000000E+00    0.263738830566406250000000000000000000000000E+03
    0.203856185078620910644531250000000000000000E+00    0.253587051391601562500000000000000000000000E+03
    0.207974359393119812011718750000000000000000E+00    0.242809997558593750000000000000000000000000E+03
    0.212175697088241577148437500000000000000000E+00    0.231813720703125000000000000000000000000000E+03
    0.216461926698684692382812500000000000000000E+00    0.221038284301757812500000000000000000000000E+03
    0.220834761857986450195312500000000000000000E+00    0.210883270263671875000000000000000000000000E+03
    0.225295916199684143066406250000000000000000E+00    0.201677001953125000000000000000000000000000E+03
    0.229847192764282226562500000000000000000000E+00    0.193646926879882812500000000000000000000000E+03
    0.234490394592285156250000000000000000000000E+00    0.186825271606445312500000000000000000000000E+03
    0.239227414131164550781250000000000000000000E+00    0.181035476684570312500000000000000000000000E+03
    0.244060128927230834960937500000000000000000E+00    0.175922393798828125000000000000000000000000E+03
    0.248990446329116821289062500000000000000000E+00    0.171069824218750000000000000000000000000000E+03
    0.254020392894744873046875000000000000000000E+00    0.166122451782226562500000000000000000000000E+03
    0.259151935577392578125000000000000000000000E+00    0.160828170776367187500000000000000000000000E+03
    0.264387160539627075195312500000000000000000E+00    0.155058822631835937500000000000000000000000E+03
    0.269728124141693115234375000000000000000000E+00    0.148833953857421875000000000000000000000000E+03
    0.275177001953125000000000000000000000000000E+00    0.142346450805664062500000000000000000000000E+03
    0.280736058950424194335937500000000000000000E+00    0.135911895751953125000000000000000000000000E+03
    0.286407291889190673828125000000000000000000E+00    0.129850158691406250000000000000000000000000E+03
    0.292193114757537841796875000000000000000000E+00    0.124373191833496093750000000000000000000000E+03
    0.298095792531967163085937500000000000000000E+00    0.119540794372558593750000000000000000000000E+03
    0.304117560386657714843750000000000000000000E+00    0.115281707763671875000000000000000000000000E+03
    0.310261309146881103515625000000000000000000E+00    0.111427825927734375000000000000000000000000E+03
    0.316528826951980590820312500000000000000000E+00    0.107745552062988281250000000000000000000000E+03
    0.322923272848129272460937500000000000000000E+00    0.104003440856933593750000000000000000000000E+03
    0.329446613788604736328125000000000000000000E+00    0.100074378967285156250000000000000000000000E+03
    0.336102008819580078125000000000000000000000E+00    0.959792633056640625000000000000000000000000E+02
    0.342891573905944824218750000000000000000000E+00    0.918426666259765625000000000000000000000000E+02
    0.349818587303161621093750000000000000000000E+00    0.878328094482421875000000000000000000000000E+02
    0.356885224580764770507812500000000000000000E+00    0.841042861938476562500000000000000000000000E+02
    0.364094972610473632812500000000000000000000E+00    0.807239837646484375000000000000000000000000E+02
    0.371450334787368774414062500000000000000000E+00    0.776486740112304687500000000000000000000000E+02
    0.378953933715820312500000000000000000000000E+00    0.747713851928710937500000000000000000000000E+02
    0.386609494686126708984375000000000000000000E+00    0.719658432006835937500000000000000000000000E+02
    0.394419312477111816406250000000000000000000E+00    0.691394195556640625000000000000000000000000E+02
    0.402387291193008422851562500000000000000000E+00    0.662832565307617187500000000000000000000000E+02
    0.410515844821929931640625000000000000000000E+00    0.634572486877441406250000000000000000000000E+02
    0.418809026479721069335937500000000000000000E+00    0.607435073852539062500000000000000000000000E+02
    0.427269339561462402343750000000000000000000E+00    0.582032928466796875000000000000000000000000E+02
    0.435900926589965820312500000000000000000000E+00    0.558461990356445312500000000000000000000000E+02
    0.444706469774246215820312500000000000000000E+00    0.536275367736816406250000000000000000000000E+02
    0.453690379858016967773437500000000000000000E+00    0.514781341552734375000000000000000000000000E+02
    0.462855309247970581054687500000000000000000E+00    0.493606681823730468750000000000000000000000E+02
    0.472205787897109985351562500000000000000000E+00    0.472761077880859375000000000000000000000000E+02
    0.481744766235351562500000000000000000000000E+00    0.452518272399902343750000000000000000000000E+02
    0.491476893424987792968750000000000000000000E+00    0.433269462585449218750000000000000000000000E+02
    0.501405119895935058593750000000000000000000E+00    0.415095291137695312500000000000000000000000E+02
    0.511534392833709716796875000000000000000000E+00    0.397818183898925781250000000000000000000000E+02
    0.521867811679840087890625000000000000000000E+00    0.381187934875488281250000000000000000000000E+02
    0.532410502433776855468750000000000000000000E+00    0.364984092712402343750000000000000000000000E+02
    0.543165624141693115234375000000000000000000E+00    0.349268302917480468750000000000000000000000E+02
    0.554138541221618652343750000000000000000000E+00    0.334161300659179687500000000000000000000000E+02
    0.565332591533660888671875000000000000000000E+00    0.319764308929443359375000000000000000000000E+02
    0.576753377914428710937500000000000000000000E+00    0.306030731201171875000000000000000000000000E+02
    0.588404297828674316406250000000000000000000E+00    0.292833995819091796875000000000000000000000E+02
    0.600291073322296142578125000000000000000000E+00    0.280096397399902343750000000000000000000000E+02
    0.612418055534362792968750000000000000000000E+00    0.267805061340332031250000000000000000000000E+02
    0.624789416790008544921875000000000000000000E+00    0.256019191741943359375000000000000000000000E+02
    0.637411236763000488281250000000000000000000E+00    0.244729785919189453125000000000000000000000E+02
    0.650287508964538574218750000000000000000000E+00    0.233910636901855468750000000000000000000000E+02
    0.663424491882324218750000000000000000000000E+00    0.223531284332275390625000000000000000000000E+02
    0.676826238632202148437500000000000000000000E+00    0.213564071655273437500000000000000000000000E+02
    0.690499365329742431640625000000000000000000E+00    0.203988132476806640625000000000000000000000E+02
    0.704448044300079345703125000000000000000000E+00    0.194792251586914062500000000000000000000000E+02
    0.718679130077362060546875000000000000000000E+00    0.185966110229492187500000000000000000000000E+02
    0.733197033405303955078125000000000000000000E+00    0.177499160766601562500000000000000000000000E+02
    0.748008966445922851562500000000000000000000E+00    0.169378547668457031250000000000000000000000E+02
    0.763119339942932128906250000000000000000000E+00    0.161590156555175781250000000000000000000000E+02
    0.778535783290863037109375000000000000000000E+00    0.154120540618896484375000000000000000000000E+02
    0.794262826442718505859375000000000000000000E+00    0.146957063674926757812500000000000000000000E+02
    0.810308396816253662109375000000000000000000E+00    0.140088481903076171875000000000000000000000E+02
    0.826677322387695312500000000000000000000000E+00    0.133504199981689453125000000000000000000000E+02
    0.843377590179443359375000000000000000000000E+00    0.127193965911865234375000000000000000000000E+02
    0.860414624214172363281250000000000000000000E+00    0.121147890090942382812500000000000000000000E+02
    0.877796530723571777343750000000000000000000E+00    0.115356502532958984375000000000000000000000E+02
    0.895528674125671386718750000000000000000000E+00    0.109810609817504882812500000000000000000000E+02
    0.913619995117187500000000000000000000000000E+00    0.104501323699951171875000000000000000000000E+02
    0.932075977325439453125000000000000000000000E+00    0.994204711914062500000000000000000000000000E+01
    0.950905561447143554687500000000000000000000E+00    0.945602893829345703125000000000000000000000E+01
    0.970114648342132568359375000000000000000000E+00    0.899131870269775390625000000000000000000000E+01
    0.989712655544281005859375000000000000000000E+00    0.854718208312988281250000000000000000000000E+01
    0.100970673561096191406250000000000000000000E+01    0.812297153472900390625000000000000000000000E+01
    0.103010356426239013671875000000000000000000E+01    0.771804761886596679687500000000000000000000E+01
    0.105091357231140136718750000000000000000000E+01    0.733177089691162109375000000000000000000000E+01
    0.107214283943176269531250000000000000000000E+01    0.696353864669799804687500000000000000000000E+01
    0.109380209445953369140625000000000000000000E+01    0.661279869079589843750000000000000000000000E+01
    0.111589777469635009765625000000000000000000E+01    0.627902126312255859375000000000000000000000E+01
    0.113844096660614013671875000000000000000000E+01    0.596169185638427734375000000000000000000000E+01
    0.116143846511840820312500000000000000000000E+01    0.566027688980102539062500000000000000000000E+01
    0.118490159511566162109375000000000000000000E+01    0.537422418594360351562500000000000000000000E+01
    0.120883750915527343750000000000000000000000E+01    0.510297203063964843750000000000000000000000E+01
    0.123325824737548828125000000000000000000000E+01    0.484595441818237304687500000000000000000000E+01
    0.125817120075225830078125000000000000000000E+01    0.460260391235351562500000000000000000000000E+01
    0.128358840942382812500000000000000000000000E+01    0.437234020233154296875000000000000000000000E+01
    0.130951797962188720703125000000000000000000E+01    0.415452766418457031250000000000000000000000E+01
    0.133597266674041748046875000000000000000000E+01    0.394853711128234863281250000000000000000000E+01
    0.136296045780181884765625000000000000000000E+01    0.375371313095092773437500000000000000000000E+01
    0.139049470424652099609375000000000000000000E+01    0.356938600540161132812500000000000000000000E+01
    0.141858386993408203125000000000000000000000E+01    0.339489722251892089843750000000000000000000E+01
    0.144724178314208984375000000000000000000000E+01    0.322951698303222656250000000000000000000000E+01
    0.147647726535797119140625000000000000000000E+01    0.307255125045776367187500000000000000000000E+01
    0.150630474090576171875000000000000000000000E+01    0.292332315444946289062500000000000000000000E+01
    0.153673338890075683593750000000000000000000E+01    0.278117847442626953125000000000000000000000E+01
    0.156777822971343994140625000000000000000000E+01    0.264553666114807128906250000000000000000000E+01
    0.159944856166839599609375000000000000000000E+01    0.251589655876159667968750000000000000000000E+01
    0.163176035881042480468750000000000000000000E+01    0.239181971549987792968750000000000000000000E+01
    0.166472315788269042968750000000000000000000E+01    0.227298474311828613281250000000000000000000E+01
    0.169835364818572998046875000000000000000000E+01    0.215916848182678222656250000000000000000000E+01
    0.173266339302062988281250000000000000000000E+01    0.205019950866699218750000000000000000000000E+01
    0.176766479015350341796875000000000000000000E+01    0.194605338573455810546875000000000000000000E+01
    0.180337476730346679687500000000000000000000E+01    0.184671664237976074218750000000000000000000E+01
    0.183980441093444824218750000000000000000000E+01    0.175218200683593750000000000000000000000000E+01
    0.187697184085845947265625000000000000000000E+01    0.166244435310363769531250000000000000000000E+01
    0.191488826274871826171875000000000000000000E+01    0.157743871212005615234375000000000000000000E+01
    0.195357239246368408203125000000000000000000E+01    0.149697077274322509765625000000000000000000E+01
    0.199303627014160156250000000000000000000000E+01    0.142081844806671142578125000000000000000000E+01
    0.203329920768737792968750000000000000000000E+01    0.134867429733276367187500000000000000000000E+01
    0.207437348365783691406250000000000000000000E+01    0.128016734123229980468750000000000000000000E+01
    0.211627960205078125000000000000000000000000E+01    0.121497571468353271484375000000000000000000E+01
    0.215903019905090332031250000000000000000000E+01    0.115285241603851318359375000000000000000000E+01
    0.220264649391174316406250000000000000000000E+01    0.109358990192413330078125000000000000000000E+01
    0.224714183807373046875000000000000000000000E+01    0.103710603713989257812500000000000000000000E+01
    0.229253816604614257812500000000000000000000E+01    0.983416199684143066406250000000000000000000E+00
    0.233884930610656738281250000000000000000000E+01    0.932503521442413330078125000000000000000000E+00
    0.238609838485717773437500000000000000000000E+01    0.884281039237976074218750000000000000000000E+00
    0.243429946899414062500000000000000000000000E+01    0.838641166687011718750000000000000000000000E+00
    0.248347663879394531250000000000000000000000E+01    0.795397341251373291015625000000000000000000E+00
    0.253364515304565429687500000000000000000000E+01    0.754303336143493652343750000000000000000000E+00
    0.258482933044433593750000000000000000000000E+01    0.715170800685882568359375000000000000000000E+00
    0.263704490661621093750000000000000000000000E+01    0.677950441837310791015625000000000000000000E+00
    0.269031810760498046875000000000000000000000E+01    0.642615973949432373046875000000000000000000E+00
    0.274466466903686523437500000000000000000000E+01    0.609112441539764404296875000000000000000000E+00
    0.280011177062988281250000000000000000000000E+01    0.577362537384033203125000000000000000000000E+00
    0.285667920112609863281250000000000000000000E+01    0.547279357910156250000000000000000000000000E+00
    0.291438651084899902343750000000000000000000E+01    0.518741011619567871093750000000000000000000E+00
    0.297326231002807617187500000000000000000000E+01    0.491629600524902343750000000000000000000000E+00
    0.303332471847534179687500000000000000000000E+01    0.465875446796417236328125000000000000000000E+00
    0.309460353851318359375000000000000000000000E+01    0.441446989774703979492187500000000000000000E+00
    0.315711688995361328125000000000000000000000E+01    0.418302148580551147460937500000000000000000E+00
    0.322089648246765136718750000000000000000000E+01    0.396365612745285034179687500000000000000000E+00
    0.328596115112304687500000000000000000000000E+01    0.375560015439987182617187500000000000000000E+00
    0.335234355926513671875000000000000000000000E+01    0.355821907520294189453125000000000000000000E+00
    0.342006349563598632812500000000000000000000E+01    0.337099492549896240234375000000000000000000E+00
    0.348915529251098632812500000000000000000000E+01    0.319344341754913330078125000000000000000000E+00
    0.355963897705078125000000000000000000000000E+01    0.302512824535369873046875000000000000000000E+00
    0.363155031204223632812500000000000000000000E+01    0.286563247442245483398437500000000000000000E+00
    0.370491051673889160156250000000000000000000E+01    0.271449983119964599609375000000000000000000E+00
    0.377975654602050781250000000000000000000000E+01    0.257124871015548706054687500000000000000000E+00
    0.385611033439636230468750000000000000000000E+01    0.243543773889541625976562500000000000000000E+00
    0.393401122093200683593750000000000000000000E+01    0.230669349431991577148437500000000000000000E+00
    0.401348161697387695312500000000000000000000E+01    0.218467012047767639160156250000000000000000E+00
    0.409456062316894531250000000000000000000000E+01    0.206903859972953796386718750000000000000000E+00
    0.417727470397949218750000000000000000000000E+01    0.195948526263236999511718750000000000000000E+00
    0.426166296005249023437500000000000000000000E+01    0.185570567846298217773437500000000000000000E+00
    0.434775209426879882812500000000000000000000E+01    0.175739094614982604980468750000000000000000E+00
    0.443558454513549804687500000000000000000000E+01    0.166424572467803955078125000000000000000000E+00
    0.452518701553344726562500000000000000000000E+01    0.157599970698356628417968750000000000000000E+00
    0.461660432815551757812500000000000000000000E+01    0.149240553379058837890625000000000000000000E+00
    0.470986795425415039062500000000000000000000E+01    0.141322582960128784179687500000000000000000E+00
    0.480501127243041992187500000000000000000000E+01    0.133822992444038391113281250000000000000000E+00
    0.490208053588867187500000000000000000000000E+01    0.126719757914543151855468750000000000000000E+00
    0.500110673904418945312500000000000000000000E+01    0.119992181658744812011718750000000000000000E+00
    0.510213851928710937500000000000000000000000E+01    0.113620772957801818847656250000000000000000E+00
    0.520520591735839843750000000000000000000000E+01    0.107587046921253204345703125000000000000000E+00
    0.531036043167114257812500000000000000000000E+01    0.101873531937599182128906250000000000000000E+00
    0.541763401031494140625000000000000000000000E+01    0.964635983109474182128906250000000000000000E-01
    0.552708053588867187500000000000000000000000E+01    0.913412272930145263671875000000000000000000E-01
    0.563873195648193359375000000000000000000000E+01    0.864909738302230834960937500000000000000000E-01
    0.575264453887939453125000000000000000000000E+01    0.818983465433120727539062500000000000000000E-01
    0.586885261535644531250000000000000000000000E+01    0.775500163435935974121093750000000000000000E-01
    0.598741388320922851562500000000000000000000E+01    0.734333842992782592773437500000000000000000E-01
    0.610836458206176757812500000000000000000000E+01    0.695362091064453125000000000000000000000000E-01
    0.623176479339599609375000000000000000000000E+01    0.658466443419456481933593750000000000000000E-01
    0.635765171051025390625000000000000000000000E+01    0.623535662889480590820312500000000000000000E-01
    0.648608779907226562500000000000000000000000E+01    0.590466596186161041259765625000000000000000E-01
    0.661711215972900390625000000000000000000000E+01    0.559162087738513946533203125000000000000000E-01
    0.675078964233398437500000000000000000000000E+01    0.529528334736824035644531250000000000000000E-01
    0.688716173171997070312500000000000000000000E+01    0.501474998891353607177734375000000000000000E-01
    0.702629423141479492187500000000000000000000E+01    0.474917180836200714111328125000000000000000E-01
    0.716823101043701171875000000000000000000000E+01    0.449775792658329010009765625000000000000000E-01
    0.731304264068603515625000000000000000000000E+01    0.425976216793060302734375000000000000000000E-01
    0.746077251434326171875000000000000000000000E+01    0.403446778655052185058593750000000000000000E-01
    0.761149358749389648437500000000000000000000E+01    0.382118821144104003906250000000000000000000E-01
    0.776525211334228515625000000000000000000000E+01    0.361927561461925506591796875000000000000000E-01
    0.792212390899658203125000000000000000000000E+01    0.342812649905681610107421875000000000000000E-01
    0.808216571807861328125000000000000000000000E+01    0.324716940522193908691406250000000000000000E-01
    0.824543190002441406250000000000000000000000E+01    0.307585839182138442993164062500000000000000E-01
    0.841200447082519531250000000000000000000000E+01    0.291366986930370330810546875000000000000000E-01
    0.858193302154541015625000000000000000000000E+01    0.276011135429143905639648437500000000000000E-01
    0.875530433654785156250000000000000000000000E+01    0.261472221463918685913085937500000000000000E-01
    0.893216896057128906250000000000000000000000E+01    0.247706770896911621093750000000000000000000E-01
    0.911261463165283203125000000000000000000000E+01    0.234673283994197845458984375000000000000000E-01
    0.929669761657714843750000000000000000000000E+01    0.222332123667001724243164062500000000000000E-01
    0.948450660705566406250000000000000000000000E+01    0.210645925253629684448242187500000000000000E-01
    0.967610168457031250000000000000000000000000E+01    0.199579596519470214843750000000000000000000E-01
    0.987157726287841796875000000000000000000000E+01    0.189100038260221481323242187500000000000000E-01
    0.100709915161132812500000000000000000000000E+02    0.179175790399312973022460937500000000000000E-01
    0.102744436264038085937500000000000000000000E+02    0.169776976108551025390625000000000000000000E-01
    0.104819955825805664062500000000000000000000E+02    0.160875320434570312500000000000000000000000E-01
    0.106937503814697265625000000000000000000000E+02    0.152444168925285339355468750000000000000000E-01
    0.109097728729248046875000000000000000000000E+02    0.144458264112472534179687500000000000000000E-01
    0.111301708221435546875000000000000000000000E+02    0.136893801391124725341796875000000000000000E-01
    0.113550090789794921875000000000000000000000E+02    0.129728270694613456726074218750000000000000E-01
    0.115844011306762695312500000000000000000000E+02    0.122940391302108764648437500000000000000000E-01
    0.118184156417846679687500000000000000000000E+02    0.116509925574064254760742187500000000000000E-01
    0.120571689605712890625000000000000000000000E+02    0.110417753458023071289062500000000000000000E-01
    0.123007345199584960937500000000000000000000E+02    0.104645807296037673950195312500000000000000E-01
    0.125492305755615234375000000000000000000000E+02    0.991770066320896148681640625000000000000000E-02
    0.128027353286743164062500000000000000000000E+02    0.939952116459608078002929687500000000000000E-02
    0.130613737106323242187500000000000000000000E+02    0.890852324664592742919921875000000000000000E-02
    0.133252372741699218750000000000000000000000E+02    0.844326708465814590454101562500000000000000E-02
    0.135944185256958007812500000000000000000000E+02    0.800238735973834991455078125000000000000000E-02
    0.138690500259399414062500000000000000000000E+02    0.758458627387881278991699218750000000000000E-02
    0.141492166519165039062500000000000000000000E+02    0.718863727524876594543457031250000000000000E-02
    0.144350557327270507812500000000000000000000E+02    0.681338738650083541870117187500000000000000E-02
    0.147266559600830078125000000000000000000000E+02    0.645774509757757186889648437500000000000000E-02
    0.150241622924804687500000000000000000000000E+02    0.612067850306630134582519531250000000000000E-02
    0.153276624679565429687500000000000000000000E+02    0.580121017992496490478515625000000000000000E-02
    0.156373090744018554687500000000000000000000E+02    0.549841392785310745239257812500000000000000E-02
    0.159531946182250976562500000000000000000000E+02    0.521141197532415390014648437500000000000000E-02
    0.162754783630371093750000000000000000000000E+02    0.493937358260154724121093750000000000000000E-02
    0.166042575836181640625000000000000000000000E+02    0.468151271343231201171875000000000000000000E-02
    0.169396934509277343750000000000000000000000E+02    0.443708710372447967529296875000000000000000E-02
    0.172818889617919921875000000000000000000000E+02    0.420539360493421554565429687500000000000000E-02
    0.176310138702392578125000000000000000000000E+02    0.398576632142066955566406250000000000000000E-02
    0.179871768951416015625000000000000000000000E+02    0.377757474780082702636718750000000000000000E-02
    0.183505496978759765625000000000000000000000E+02    0.358022167347371578216552734375000000000000E-02
    0.187212448120117187500000000000000000000000E+02    0.339314131997525691986083984375000000000000E-02
    0.190994472503662109375000000000000000000000E+02    0.321579840965569019317626953125000000000000E-02
    0.194852733612060546875000000000000000000000E+02    0.304768583737313747406005859375000000000000E-02
    0.198789100646972656250000000000000000000000E+02    0.288832304067909717559814453125000000000000E-02
    0.202804813385009765625000000000000000000000E+02    0.273725437000393867492675781250000000000000E-02
    0.206901836395263671875000000000000000000000E+02    0.259404815733432769775390625000000000000000E-02
    0.211081428527832031250000000000000000000000E+02    0.245829508639872074127197265625000000000000E-02
    0.215345649719238281250000000000000000000000E+02    0.232960842549800872802734375000000000000000E-02
    0.219696025848388671875000000000000000000000E+02    0.220762076787650585174560546875000000000000E-02
    0.224134063720703125000000000000000000000000E+02    0.209198426455259323120117187500000000000000E-02
    0.228661975860595703125000000000000000000000E+02    0.198236922733485698699951171875000000000000E-02
    0.233281154632568359375000000000000000000000E+02    0.187846261542290449142456054687500000000000E-02
    0.237993831634521484375000000000000000000000E+02    0.177996850106865167617797851562500000000000E-02
    0.242801532745361328125000000000000000000000E+02    0.168660609051585197448730468750000000000000E-02
    0.247706546783447265625000000000000000000000E+02    0.159810925833880901336669921875000000000000E-02
    0.252710437774658203125000000000000000000000E+02    0.151422526687383651733398437500000000000000E-02
    0.257815628051757812500000000000000000000000E+02    0.143471464980393648147583007812500000000000E-02
    0.263023719787597656250000000000000000000000E+02    0.135935063008219003677368164062500000000000E-02
    0.268337268829345703125000000000000000000000E+02    0.128791842143982648849487304687500000000000E-02
    0.273757934570312500000000000000000000000000E+02    0.122021383140236139297485351562500000000000E-02
    0.279288311004638671875000000000000000000000E+02    0.115604337770491838455200195312500000000000E-02
    0.284930171966552734375000000000000000000000E+02    0.109522335696965456008911132812500000000000E-02
    0.290686283111572265625000000000000000000000E+02    0.103757996112108230590820312500000000000000E-02
    0.296558399200439453125000000000000000000000E+02    0.982948346063494682312011718750000000000000E-03
    0.302549400329589843750000000000000000000000E+02    0.931172107812017202377319335937500000000000E-03
    0.308661155700683593750000000000000000000000E+02    0.882103107869625091552734375000000000000000E-03
    0.314896678924560546875000000000000000000000E+02    0.835600541904568672180175781250000000000000E-03
    0.321257820129394531250000000000000000000000E+02    0.791531172581017017364501953125000000000000E-03
    0.327747840881347656250000000000000000000000E+02    0.749768456444144248962402343750000000000000E-03
    0.334368629455566406250000000000000000000000E+02    0.710192427504807710647583007812500000000000E-03
    0.341123466491699218750000000000000000000000E+02    0.672689406201243400573730468750000000000000E-03
    0.348014411926269531250000000000000000000000E+02    0.637151533737778663635253906250000000000000E-03
    0.355044975280761718750000000000000000000000E+02    0.603476597461849451065063476562500000000000E-03
    0.362217178344726562500000000000000000000000E+02    0.571567623410373926162719726562500000000000E-03
    0.369534606933593750000000000000000000000000E+02    0.541332643479108810424804687500000000000000E-03
    0.376999855041503906250000000000000000000000E+02    0.512684462592005729675292968750000000000000E-03
    0.384615592956542968750000000000000000000000E+02    0.485540396766737103462219238281250000000000E-03
    0.392385520935058593750000000000000000000000E+02    0.459822069387882947921752929687500000000000E-03
    0.400312004089355468750000000000000000000000E+02    0.435455061960965394973754882812500000000000E-03
    0.408399047851562500000000000000000000000000E+02    0.412368914112448692321777343750000000000000E-03
    0.416649055480957031250000000000000000000000E+02    0.390496832551434636116027832031250000000000E-03
    0.425066108703613281250000000000000000000000E+02    0.369775429135188460350036621093750000000000E-03
    0.433652801513671875000000000000000000000000E+02    0.350144604453817009925842285156250000000000E-03
    0.442413406372070312500000000000000000000000E+02    0.331547314999625086784362792968750000000000E-03
    0.451350479125976562500000000000000000000000E+02    0.313929573167115449905395507812500000000000E-03
    0.460468597412109375000000000000000000000000E+02    0.297240214422345161437988281250000000000000E-03
    0.469770469665527343750000000000000000000000E+02    0.281430664472281932830810546875000000000000E-03
    0.479260635375976562500000000000000000000000E+02    0.266454910160973668098449707031250000000000E-03
    0.488942108154296875000000000000000000000000E+02    0.252269266638904809951782226562500000000000E-03
    0.498819656372070312500000000000000000000000E+02    0.238832319155335426330566406250000000000000E-03
    0.508896217346191406250000000000000000000000E+02    0.226104893954470753669738769531250000000000E-03
    0.519176826477050781250000000000000000000000E+02    0.214049810892902314662933349609375000000000E-03
    0.529664611816406250000000000000000000000000E+02    0.202631796128116548061370849609375000000000E-03
    0.540364799499511718750000000000000000000000E+02    0.191817423910833895206451416015625000000000E-03
    0.551280593872070312500000000000000000000000E+02    0.181575029273517429828643798828125000000000E-03
    0.562417488098144531250000000000000000000000E+02    0.171874591615051031112670898437500000000000E-03
    0.573778800964355468750000000000000000000000E+02    0.162687661941163241863250732421875000000000E-03
    0.585370178222656250000000000000000000000000E+02    0.153987246449105441570281982421875000000000E-03
    0.597195167541503906250000000000000000000000E+02    0.145747762871906161308288574218750000000000E-03
    0.609259529113769531250000000000000000000000E+02    0.137944982270710170269012451171875000000000E-03
    0.621567726135253906250000000000000000000000E+02    0.130555927171371877193450927734375000000000E-03
    0.634123916625976562500000000000000000000000E+02    0.123558871564455330371856689453125000000000E-03
    0.646934356689453125000000000000000000000000E+02    0.116933129902463406324386596679687500000000E-03
    0.660002975463867187500000000000000000000000E+02    0.110659151687286794185638427734375000000000E-03
    0.673336257934570312500000000000000000000000E+02    0.104718397778924554586410522460937500000000E-03
    0.686938171386718750000000000000000000000000E+02    0.990933185676112771034240722656250000000000E-04
    0.700815582275390625000000000000000000000000E+02    0.937672593863680958747863769531250000000000E-04
    0.714972610473632812500000000000000000000000E+02    0.887244605110026895999908447265625000000000E-04
    0.729416351318359375000000000000000000000000E+02    0.839499625726602971553802490234375000000000E-04
    0.744151153564453125000000000000000000000000E+02    0.794296065578237175941467285156250000000000E-04
    0.759184341430664062500000000000000000000000E+02    0.751499756006523966789245605468750000000000E-04
    0.774520568847656250000000000000000000000000E+02    0.710983658791519701480865478515625000000000E-04
    0.790167236328125000000000000000000000000000E+02    0.672626920277252793312072753906250000000000E-04
    0.806129302978515625000000000000000000000000E+02    0.636315453448332846164703369140625000000000E-04
    0.822414550781250000000000000000000000000000E+02    0.601940955675672739744186401367187500000000E-04
    0.839028015136718750000000000000000000000000E+02    0.569401163375005125999450683593750000000000E-04
    0.855977935791015625000000000000000000000000E+02    0.538599088031332939863204956054687500000000E-04
    0.873269348144531250000000000000000000000000E+02    0.509442397742532193660736083984375000000000E-04
    0.890910949707031250000000000000000000000000E+02    0.481843599118292331695556640625000000000000E-04
    0.908908081054687500000000000000000000000000E+02    0.455720437457785010337829589843750000000000E-04
    0.927269744873046875000000000000000000000000E+02    0.430995569331571459770202636718750000000000E-04
    0.946001358032226562500000000000000000000000E+02    0.407594925491139292716979980468750000000000E-04
    0.965112304687500000000000000000000000000000E+02    0.385446073778439313173294067382812500000000E-04
    0.984608383178710937500000000000000000000000E+02    0.364480438292957842350006103515625000000000E-04
    0.100449920654296875000000000000000000000000E+03    0.344638610840775072574615478515625000000000E-04
    0.102479194641113281250000000000000000000000E+03    0.325869004882406443357467651367187500000000E-04
