    0.999999974737875163555145263671875000000000E-04    0.579854049682617187500000000000000000000000E+02
    0.102020130725577473640441894531250000000000E-03    0.591090164184570312500000000000000000000000E+02
    0.104081082099582999944686889648437500000000E-03    0.602543792724609375000000000000000000000000E+02
    0.106183659227099269628524780273437500000000E-03    0.614219207763671875000000000000000000000000E+02
    0.108328706119209527969360351562500000000000E-03    0.626120605468750000000000000000000000000000E+02
    0.110517095890827476978302001953125000000000E-03    0.638252372741699218750000000000000000000000E+02
    0.112749679828993976116180419921875000000000E-03    0.650618972778320312500000000000000000000000E+02
    0.115027374704368412494659423828125000000000E-03    0.663224945068359375000000000000000000000000E+02
    0.117351090011652559041976928710937500000000E-03    0.676074829101562500000000000000000000000000E+02
    0.119721727969590574502944946289062500000000E-03    0.689173431396484375000000000000000000000000E+02
    0.122140278108417987823486328125000000000000E-03    0.702525482177734375000000000000000000000000E+02
    0.124607671750709414482116699218750000000000E-03    0.716135864257812500000000000000000000000000E+02
    0.127124920254573225975036621093750000000000E-03    0.730009613037109375000000000000000000000000E+02
    0.129692998598329722881317138671875000000000E-03    0.744151763916015625000000000000000000000000E+02
    0.132312969071790575981140136718750000000000E-03    0.758567504882812500000000000000000000000000E+02
    0.134985879412852227687835693359375000000000E-03    0.773262100219726562500000000000000000000000E+02
    0.137712777359411120414733886718750000000000E-03    0.788240890502929687500000000000000000000000E+02
    0.140494754305109381675720214843750000000000E-03    0.803509368896484375000000000000000000000000E+02
    0.143332930747419595718383789062500000000000E-03    0.819073181152343750000000000000000000000000E+02
    0.146228456287644803524017333984375000000000E-03    0.834937820434570312500000000000000000000000E+02
    0.149182465975172817707061767578125000000000E-03    0.851109313964843750000000000000000000000000E+02
    0.152196153067052364349365234375000000000000E-03    0.867593307495117187500000000000000000000000E+02
    0.155270710820332169532775878906250000000000E-03    0.884396057128906250000000000000000000000000E+02
    0.158407390699721872806549072265625000000000E-03    0.901523437500000000000000000000000000000000E+02
    0.161607444169931113719940185546875000000000E-03    0.918981857299804687500000000000000000000000E+02
    0.164872122695669531822204589843750000000000E-03    0.936777572631835937500000000000000000000000E+02
    0.168202750501222908496856689453125000000000E-03    0.954917144775390625000000000000000000000000E+02
    0.171600666362792253494262695312500000000000E-03    0.973407135009765625000000000000000000000000E+02
    0.175067238160409033298492431640625000000000E-03    0.992254257202148437500000000000000000000000E+02
    0.178603833774104714393615722656250000000000E-03    0.101146530151367187500000000000000000000000E+03
    0.182211864739656448364257812500000000000000E-03    0.103104736328125000000000000000000000000000E+03
    0.185892800800502300262451171875000000000000E-03    0.105100738525390625000000000000000000000000E+03
    0.189648068044334650039672851562500000000000E-03    0.107135276794433593750000000000000000000000E+03
    0.193479223526082932949066162109375000000000E-03    0.109209083557128906250000000000000000000000E+03
    0.197387780644930899143218994140625000000000E-03    0.111322898864746093750000000000000000000000E+03
    0.201375267351977527141571044921875000000000E-03    0.113477500915527343750000000000000000000000E+03
    0.205443298909813165664672851562500000000000E-03    0.115673652648925781250000000000000000000000E+03
    0.209593548788689076900482177734375000000000E-03    0.117912155151367187500000000000000000000000E+03
    0.213827603147365152835845947265625000000000E-03    0.120193824768066406250000000000000000000000E+03
    0.218147222767584025859832763671875000000000E-03    0.122519470214843750000000000000000000000000E+03
    0.222554081119596958160400390625000000000000E-03    0.124889930725097656250000000000000000000000E+03
    0.227049968088977038860321044921875000000000E-03    0.127306076049804687500000000000000000000000E+03
    0.231636688113212585449218750000000000000000E-03    0.129768753051757812500000000000000000000000E+03
    0.236316060181707143783569335937500000000000E-03    0.132278869628906250000000000000000000000000E+03
    0.241089961491525173187255859375000000000000E-03    0.134837295532226562500000000000000000000000E+03
    0.245960312895476818084716796875000000000000E-03    0.137444976806640625000000000000000000000000E+03
    0.250929006142541766166687011718750000000000E-03    0.140102828979492187500000000000000000000000E+03
    0.255998136708512902259826660156250000000000E-03    0.142811798095703125000000000000000000000000E+03
    0.261169654550030827522277832031250000000000E-03    0.145572875976562500000000000000000000000000E+03
    0.266445596935227513313293457031250000000000E-03    0.148387023925781250000000000000000000000000E+03
    0.271828175755217671394348144531250000000000E-03    0.151255249023437500000000000000000000000000E+03
    0.277319486485794186592102050781250000000000E-03    0.154178573608398437500000000000000000000000E+03
    0.282921682810410857200622558593750000000000E-03    0.157158035278320312500000000000000000000000E+03
    0.288637093035504221916198730468750000000000E-03    0.160194702148437500000000000000000000000000E+03
    0.294467929052188992500305175781250000000000E-03    0.163289642333984375000000000000000000000000E+03
    0.300416606478393077850341796875000000000000E-03    0.166443939208984375000000000000000000000000E+03
    0.306485395412892103195190429687500000000000E-03    0.169658706665039062500000000000000000000000E+03
    0.312676827888935804367065429687500000000000E-03    0.172935104370117187500000000000000000000000E+03
    0.318993290420621633529663085937500000000000E-03    0.176274246215820312500000000000000000000000E+03
    0.325437402352690696716308593750000000000000E-03    0.179677337646484375000000000000000000000000E+03
    0.332011666614562273025512695312500000000000E-03    0.183145538330078125000000000000000000000000E+03
    0.338718760758638381958007812500000000000000E-03    0.186680084228515625000000000000000000000000E+03
    0.345561362337321043014526367187500000000000E-03    0.190282211303710937500000000000000000000000E+03
    0.352542119799181818962097167968750000000000E-03    0.193953155517578125000000000000000000000000E+03
    0.359663943527266383171081542968750000000000E-03    0.197694183349609375000000000000000000000000E+03
    0.366929627489298582077026367187500000000000E-03    0.201506622314453125000000000000000000000000E+03
    0.374342111172154545783996582031250000000000E-03    0.205391784667968750000000000000000000000000E+03
    0.381904304958879947662353515625000000000000E-03    0.209350997924804687500000000000000000000000E+03
    0.389619322959333658218383789062500000000000E-03    0.213385635375976562500000000000000000000000E+03
    0.397490162868052721023559570312500000000000E-03    0.217497070312500000000000000000000000000000E+03
    0.405519997002556920051574707031250000000000E-03    0.221686706542968750000000000000000000000000E+03
    0.413712026784196496009826660156250000000000E-03    0.225955993652343750000000000000000000000000E+03
    0.422069540945813059806823730468750000000000E-03    0.230306350708007812500000000000000000000000E+03
    0.430595915531739592552185058593750000000000E-03    0.234739288330078125000000000000000000000000E+03
    0.439294555690139532089233398437500000000000E-03    0.239256271362304687500000000000000000000000E+03
    0.448168895673006772994995117187500000000000E-03    0.243858840942382812500000000000000000000000E+03
    0.457222486147657036781311035156250000000000E-03    0.248548522949218750000000000000000000000000E+03
    0.466458965092897415161132812500000000000000E-03    0.253326919555664062500000000000000000000000E+03
    0.475882086902856826782226562500000000000000E-03    0.258195587158203125000000000000000000000000E+03
    0.485495547764003276824951171875000000000000E-03    0.263156158447265625000000000000000000000000E+03
    0.495303189381957054138183593750000000000000E-03    0.268210296630859375000000000000000000000000E+03
    0.505309028085321187973022460937500000000000E-03    0.273359619140625000000000000000000000000000E+03
    0.515516963787376880645751953125000000000000E-03    0.278605834960937500000000000000000000000000E+03
    0.525931071024388074874877929687500000000000E-03    0.283950622558593750000000000000000000000000E+03
    0.536555540747940540313720703125000000000000E-03    0.289395782470703125000000000000000000000000E+03
    0.547394680324941873550415039062500000000000E-03    0.294943023681640625000000000000000000000000E+03
    0.558452797122299671173095703125000000000000E-03    0.300594146728515625000000000000000000000000E+03
    0.569734314922243356704711914062500000000000E-03    0.306350952148437500000000000000000000000000E+03
    0.581243715714663267135620117187500000000000E-03    0.312215270996093750000000000000000000000000E+03
    0.592985597904771566390991210937500000000000E-03    0.318188995361328125000000000000000000000000E+03
    0.604964734520763158798217773437500000000000E-03    0.324273956298828125000000000000000000000000E+03
    0.617185782175511121749877929687500000000000E-03    0.330472076416015625000000000000000000000000E+03
    0.629653746727854013442993164062500000000000E-03    0.336785339355468750000000000000000000000000E+03
    0.642373692244291305541992187500000000000000E-03    0.343215606689453125000000000000000000000000E+03
    0.655350449960678815841674804687500000000000E-03    0.349764892578125000000000000000000000000000E+03
    0.668589433189481496810913085937500000000000E-03    0.356435211181640625000000000000000000000000E+03
    0.682095822412520647048950195312500000000000E-03    0.363228576660156250000000000000000000000000E+03
    0.695875030942261219024658203125000000000000E-03    0.370147033691406250000000000000000000000000E+03
    0.709932646714150905609130859375000000000000E-03    0.377192626953125000000000000000000000000000E+03
    0.724274199455976486206054687500000000000000E-03    0.384367462158203125000000000000000000000000E+03
    0.738905626349151134490966796875000000000000E-03    0.391673645019531250000000000000000000000000E+03
    0.753832457121461629867553710937500000000000E-03    0.399113311767578125000000000000000000000000E+03
    0.769060861784964799880981445312500000000000E-03    0.406688629150390625000000000000000000000000E+03
    0.784596893936395645141601562500000000000000E-03    0.414401794433593750000000000000000000000000E+03
    0.800446781795471906661987304687500000000000E-03    0.422254943847656250000000000000000000000000E+03
    0.816616869997233152389526367187500000000000E-03    0.430250305175781250000000000000000000000000E+03
    0.833113677799701690673828125000000000000000E-03    0.438390167236328125000000000000000000000000E+03
    0.849943608045578002929687500000000000000000E-03    0.446676757812500000000000000000000000000000E+03
    0.867113587446510791778564453125000000000000E-03    0.455112335205078125000000000000000000000000E+03
    0.884630659129470586776733398437500000000000E-03    0.463699218750000000000000000000000000000000E+03
    0.902501342352479696273803710937500000000000E-03    0.472439666748046875000000000000000000000000E+03
    0.920733029488474130630493164062500000000000E-03    0.481336059570312500000000000000000000000000E+03
    0.939333112910389900207519531250000000000000E-03    0.490390716552734375000000000000000000000000E+03
    0.958308868575841188430786132812500000000000E-03    0.499605987548828125000000000000000000000000E+03
    0.977667979896068572998046875000000000000000E-03    0.508984252929687500000000000000000000000000E+03
    0.997418188489973545074462890625000000000000E-03    0.518527893066406250000000000000000000000000E+03
    0.101756735239177942276000976562500000000000E-02    0.528239318847656250000000000000000000000000E+03
    0.103812362067401409149169921875000000000000E-02    0.538120910644531250000000000000000000000000E+03
    0.105909502599388360977172851562500000000000E-02    0.548175109863281250000000000000000000000000E+03
    0.108049006666988134384155273437500000000000E-02    0.558404357910156250000000000000000000000000E+03
    0.110231747385114431381225585937500000000000E-02    0.568811035156250000000000000000000000000000E+03
    0.112458574585616588592529296875000000000000E-02    0.579397644042968750000000000000000000000000E+03
    0.114730407949537038803100585937500000000000E-02    0.590166564941406250000000000000000000000000E+03
    0.117048120591789484024047851562500000000000E-02    0.601120300292968750000000000000000000000000E+03
    0.119412643834948539733886718750000000000000E-02    0.612261291503906250000000000000000000000000E+03
    0.121824943926185369491577148437500000000000E-02    0.623591979980468750000000000000000000000000E+03
    0.124285963829606771469116210937500000000000E-02    0.635114929199218750000000000000000000000000E+03
    0.126796704716980457305908203125000000000000E-02    0.646832458496093750000000000000000000000000E+03
    0.129358167760074138641357421875000000000000E-02    0.658747070312500000000000000000000000000000E+03
    0.131971365772187709808349609375000000000000E-02    0.670861206054687500000000000000000000000000E+03
    0.134637358132749795913696289062500000000000E-02    0.683177368164062500000000000000000000000000E+03
    0.137357215862721204757690429687500000000000E-02    0.695697998046875000000000000000000000000000E+03
    0.140132009983062744140625000000000000000000E-02    0.708425415039062500000000000000000000000000E+03
    0.142962858080863952636718750000000000000000E-02    0.721362060546875000000000000000000000000000E+03
    0.145850901026278734207153320312500000000000E-02    0.734510375976562500000000000000000000000000E+03
    0.148797314614057540893554687500000000000000E-02    0.747872619628906250000000000000000000000000E+03
    0.151803228072822093963623046875000000000000E-02    0.761451232910156250000000000000000000000000E+03
    0.154869852121919393539428710937500000000000E-02    0.775248535156250000000000000000000000000000E+03
    0.157998420763760805130004882812500000000000E-02    0.789266662597656250000000000000000000000000E+03
    0.161190202925354242324829101562500000000000E-02    0.803507995605468750000000000000000000000000E+03
    0.164446467533707618713378906250000000000000E-02    0.817974731445312500000000000000000000000000E+03
    0.167768495157361030578613281250000000000000E-02    0.832669067382812500000000000000000000000000E+03
    0.171157636214047670364379882812500000000000E-02    0.847593017578125000000000000000000000000000E+03
    0.174615241121500730514526367187500000000000E-02    0.862748779296875000000000000000000000000000E+03
    0.178142695222049951553344726562500000000000E-02    0.878138244628906250000000000000000000000000E+03
    0.181741418782621622085571289062500000000000E-02    0.893763488769531250000000000000000000000000E+03
    0.185412843711674213409423828125000000000000E-02    0.909626403808593750000000000000000000000000E+03
    0.189158413559198379516601562500000000000000E-02    0.925728820800781250000000000000000000000000E+03
    0.192979711573570966720581054687500000000000E-02    0.942072509765625000000000000000000000000000E+03
    0.196878169663250446319580078125000000000000E-02    0.958659118652343750000000000000000000000000E+03
    0.200855359435081481933593750000000000000000E-02    0.975490356445312500000000000000000000000000E+03
    0.204912899062037467956542968750000000000000E-02    0.992567749023437500000000000000000000000000E+03
    0.209052418358623981475830078125000000000000E-02    0.100989270019531250000000000000000000000000E+04
    0.213275570422410964965820312500000000000000E-02    0.102746655273437500000000000000000000000000E+04
    0.217583985067903995513916015625000000000000E-02    0.104529064941406250000000000000000000000000E+04
    0.221979478374123573303222656250000000000000E-02    0.106336608886718750000000000000000000000000E+04
    0.226463773287832736968994140625000000000000E-02    0.108169384765625000000000000000000000000000E+04
    0.231038639321923255920410156250000000000000E-02    0.110027514648437500000000000000000000000000E+04
    0.235705915838479995727539062500000000000000E-02    0.111911047363281250000000000000000000000000E+04
    0.240467488765716552734375000000000000000000E-02    0.113820068359375000000000000000000000000000E+04
    0.245325244031846523284912109375000000000000E-02    0.115754650878906250000000000000000000000000E+04
    0.250281183980405330657958984375000000000000E-02    0.117714843750000000000000000000000000000000E+04
    0.255337217822670936584472656250000000000000E-02    0.119700659179687500000000000000000000000000E+04
    0.260495371185243129730224609375000000000000E-02    0.121712121582031250000000000000000000000000E+04
    0.265757716260850429534912109375000000000000E-02    0.123749255371093750000000000000000000000000E+04
    0.271126371808350086212158203125000000000000E-02    0.125812048339843750000000000000000000000000E+04
    0.276603479869663715362548828125000000000000E-02    0.127900463867187500000000000000000000000000E+04
    0.282191229052841663360595703125000000000000E-02    0.130014465332031250000000000000000000000000E+04
    0.287891877815127372741699218750000000000000E-02    0.132154003906250000000000000000000000000000E+04
    0.293707661330699920654296875000000000000000E-02    0.134318981933593750000000000000000000000000E+04
    0.299640954472124576568603515625000000000000E-02    0.136509326171875000000000000000000000000000E+04
    0.305694085545837879180908203125000000000000E-02    0.138724914550781250000000000000000000000000E+04
    0.311869522556662559509277343750000000000000E-02    0.140965612792968750000000000000000000000000E+04
    0.318169780075550079345703125000000000000000E-02    0.143231262207031250000000000000000000000000E+04
    0.324597232975065708160400390625000000000000E-02    0.145521679687500000000000000000000000000000E+04
    0.331154512241482734680175781250000000000000E-02    0.147836694335937500000000000000000000000000E+04
    0.337844272144138813018798828125000000000000E-02    0.150176062011718750000000000000000000000000E+04
    0.344669190235435962677001953125000000000000E-02    0.152539538574218750000000000000000000000000E+04
    0.351631967350840568542480468750000000000000E-02    0.154926855468750000000000000000000000000000E+04
    0.358735374175012111663818359375000000000000E-02    0.157337707519531250000000000000000000000000E+04
    0.365982321090996265411376953125000000000000E-02    0.159771789550781250000000000000000000000000E+04
    0.373375625349581241607666015625000000000000E-02    0.162228747558593750000000000000000000000000E+04
    0.380918313749134540557861328125000000000000E-02    0.164708178710937500000000000000000000000000E+04
    0.388613343238830566406250000000000000000000E-02    0.167209692382812500000000000000000000000000E+04
    0.396463880315423011779785156250000000000000E-02    0.169732824707031250000000000000000000000000E+04
    0.404472928494215011596679687500000000000000E-02    0.172277111816406250000000000000000000000000E+04
    0.412643933668732643127441406250000000000000E-02    0.174842065429687500000000000000000000000000E+04
    0.420979922637343406677246093750000000000000E-02    0.177427136230468750000000000000000000000000E+04
    0.429484248161315917968750000000000000000000E-02    0.180031787109375000000000000000000000000000E+04
    0.438160402700304985046386718750000000000000E-02    0.182655419921875000000000000000000000000000E+04
    0.447011832147836685180664062500000000000000E-02    0.185297399902343750000000000000000000000000E+04
    0.456042028963565826416015625000000000000000E-02    0.187957031250000000000000000000000000000000E+04
    0.465254718437790870666503906250000000000000E-02    0.190633557128906250000000000000000000000000E+04
    0.474653439596295356750488281250000000000000E-02    0.193326171875000000000000000000000000000000E+04
    0.484242103993892669677734375000000000000000E-02    0.196034020996093750000000000000000000000000E+04
    0.494024436920881271362304687500000000000000E-02    0.198756250000000000000000000000000000000000E+04
    0.504004349932074546813964843750000000000000E-02    0.201492065429687500000000000000000000000000E+04
    0.514185894280672073364257812500000000000000E-02    0.204240722656250000000000000000000000000000E+04
    0.524573167786002159118652343750000000000000E-02    0.207001440429687500000000000000000000000000E+04
    0.535170361399650573730468750000000000000000E-02    0.209773437500000000000000000000000000000000E+04
    0.545981479808688163757324218750000000000000E-02    0.212555834960937500000000000000000000000000E+04
    0.557011039927601814270019531250000000000000E-02    0.215347363281250000000000000000000000000000E+04
    0.568263372406363487243652343750000000000000E-02    0.218146557617187500000000000000000000000000E+04
    0.579743087291717529296875000000000000000000E-02    0.220951879882812500000000000000000000000000E+04
    0.591454654932022094726562500000000000000000E-02    0.223761718750000000000000000000000000000000E+04
    0.603402825072407722473144531250000000000000E-02    0.226574462890625000000000000000000000000000E+04
    0.615592347458004951477050781250000000000000E-02    0.229388769531250000000000000000000000000000E+04
    0.628028111532330513000488281250000000000000E-02    0.232203466796875000000000000000000000000000E+04
    0.640715099871158599853515625000000000000000E-02    0.235017285156250000000000000000000000000000E+04
    0.653658434748649597167968750000000000000000E-02    0.237828979492187500000000000000000000000000E+04
    0.666863145306706428527832031250000000000000E-02    0.240637182617187500000000000000000000000000E+04
    0.680334679782390594482421875000000000000000E-02    0.243440185546875000000000000000000000000000E+04
    0.694078346714377403259277343750000000000000E-02    0.246236010742187500000000000000000000000000E+04
    0.708099640905857086181640625000000000000000E-02    0.249022631835937500000000000000000000000000E+04
    0.722404150292277336120605468750000000000000E-02    0.251798046875000000000000000000000000000000E+04
    0.736997742205858230590820312500000000000000E-02    0.254560156250000000000000000000000000000000E+04
    0.751886051148176193237304687500000000000000E-02    0.257307153320312500000000000000000000000000E+04
    0.767075084149837493896484375000000000000000E-02    0.260037280273437500000000000000000000000000E+04
    0.782571360468864440917968750000000000000000E-02    0.262748779296875000000000000000000000000000E+04
    0.798380374908447265625000000000000000000000E-02    0.265439843750000000000000000000000000000000E+04
    0.814508739858865737915039062500000000000000E-02    0.268108569335937500000000000000000000000000E+04
    0.830962881445884704589843750000000000000000E-02    0.270752709960937500000000000000000000000000E+04
    0.847749505192041397094726562500000000000000E-02    0.273369873046875000000000000000000000000000E+04
    0.864875130355358123779296875000000000000000E-02    0.275957617187500000000000000000000000000000E+04
    0.882346741855144500732421875000000000000000E-02    0.278513452148437500000000000000000000000000E+04
    0.900171231478452682495117187500000000000000E-02    0.281034838867187500000000000000000000000000E+04
    0.918355956673622131347656250000000000000000E-02    0.283519067382812500000000000000000000000000E+04
    0.936907902359962463378906250000000000000000E-02    0.285963378906250000000000000000000000000000E+04
    0.955834705382585525512695312500000000000000E-02    0.288364965820312500000000000000000000000000E+04
    0.975143909454345703125000000000000000000000E-02    0.290720996093750000000000000000000000000000E+04
    0.994843058288097381591796875000000000000000E-02    0.293028564453125000000000000000000000000000E+04
    0.101494016125798225402832031250000000000000E-01    0.295284790039062500000000000000000000000000E+04
    0.103544332087039947509765625000000000000000E-01    0.297486718750000000000000000000000000000000E+04
    0.105636063963174819946289062500000000000000E-01    0.299631420898437500000000000000000000000000E+04
    0.107770059257745742797851562500000000000000E-01    0.301715917968750000000000000000000000000000E+04
    0.109947146847844123840332031250000000000000E-01    0.303737182617187500000000000000000000000000E+04
    0.112168220803141593933105468750000000000000E-01    0.305691967773437500000000000000000000000000E+04
    0.114434175193309783935546875000000000000000E-01    0.307576977539062500000000000000000000000000E+04
    0.116745894774794578552246093750000000000000E-01    0.309388916015625000000000000000000000000000E+04
    0.119104310870170593261718750000000000000000E-01    0.311124487304687500000000000000000000000000E+04
    0.121510382741689682006835937500000000000000E-01    0.312780371093750000000000000000000000000000E+04
    0.123965051025152206420898437500000000000000E-01    0.314353076171875000000000000000000000000000E+04
    0.126469302922487258911132812500000000000000E-01    0.315839111328125000000000000000000000000000E+04
    0.129024153575301170349121093750000000000000E-01    0.317235009765625000000000000000000000000000E+04
    0.131630674004554748535156250000000000000000E-01    0.318537377929687500000000000000000000000000E+04
    0.134289795532822608947753906250000000000000E-01    0.319742749023437500000000000000000000000000E+04
    0.137002617120742797851562500000000000000000E-01    0.320847485351562500000000000000000000000000E+04
    0.139770256355404853820800781250000000000000E-01    0.321848022460937500000000000000000000000000E+04
    0.142593793570995330810546875000000000000000E-01    0.322740844726562500000000000000000000000000E+04
    0.145474374294281005859375000000000000000000E-01    0.323522509765625000000000000000000000000000E+04
    0.148413162678480148315429687500000000000000E-01    0.324189599609375000000000000000000000000000E+04
    0.151411294937133789062500000000000000000000E-01    0.324738647460937500000000000000000000000000E+04
    0.154470009729266166687011718750000000000000E-01    0.325166259765625000000000000000000000000000E+04
    0.157590489834547042846679687500000000000000E-01    0.325469213867187500000000000000000000000000E+04
    0.160774048417806625366210937500000000000000E-01    0.325644335937500000000000000000000000000000E+04
    0.164021886885166168212890625000000000000000E-01    0.325688574218750000000000000000000000000000E+04
    0.167335346341133117675781250000000000000000E-01    0.325598876953125000000000000000000000000000E+04
    0.170715730637311935424804687500000000000000E-01    0.325372338867187500000000000000000000000000E+04
    0.174164418131113052368164062500000000000000E-01    0.325006201171875000000000000000000000000000E+04
    0.177682787179946899414062500000000000000000E-01    0.324497924804687500000000000000000000000000E+04
    0.181272197514772415161132812500000000000000E-01    0.323845166015625000000000000000000000000000E+04
    0.184934139251708984375000000000000000000000E-01    0.323045727539062500000000000000000000000000E+04
    0.188670046627521514892578125000000000000000E-01    0.322097656250000000000000000000000000000000E+04
    0.192481447011232376098632812500000000000000E-01    0.320999218750000000000000000000000000000000E+04
    0.196369830518960952758789062500000000000000E-01    0.319748999023437500000000000000000000000000E+04
    0.200336743146181106567382812500000000000000E-01    0.318345800781250000000000000000000000000000E+04
    0.204383805394172668457031250000000000000000E-01    0.316788891601562500000000000000000000000000E+04
    0.208512637764215469360351562500000000000000E-01    0.315077783203125000000000000000000000000000E+04
    0.212724860757589340209960937500000000000000E-01    0.313212304687500000000000000000000000000000E+04
    0.217022281140089035034179687500000000000000E-01    0.311192578125000000000000000000000000000000E+04
    0.221406426280736923217773437500000000000000E-01    0.309019262695312500000000000000000000000000E+04
    0.225879121571779251098632812500000000000000E-01    0.306693774414062500000000000000000000000000E+04
    0.230442192405462265014648437500000000000000E-01    0.304217846679687500000000000000000000000000E+04
    0.235097426921129226684570312500000000000000E-01    0.301593505859375000000000000000000000000000E+04
    0.239846706390380859375000000000000000000000E-01    0.298822998046875000000000000000000000000000E+04
    0.244691912084817886352539062500000000000000E-01    0.295909521484375000000000000000000000000000E+04
    0.249635018408298492431640625000000000000000E-01    0.292857177734375000000000000000000000000000E+04
    0.254677981138229370117187500000000000000000E-01    0.289670434570312500000000000000000000000000E+04
    0.259822811931371688842773437500000000000000E-01    0.286353833007812500000000000000000000000000E+04
    0.265071578323841094970703125000000000000000E-01    0.282912207031250000000000000000000000000000E+04
    0.270426385104656219482421875000000000000000E-01    0.279351562500000000000000000000000000000000E+04
    0.275889337062835693359375000000000000000000E-01    0.275679150390625000000000000000000000000000E+04
    0.281462669372558593750000000000000000000000E-01    0.271902270507812500000000000000000000000000E+04
    0.287148579955101013183593750000000000000000E-01    0.268028247070312500000000000000000000000000E+04
    0.292949359863996505737304687500000000000000E-01    0.264064526367187500000000000000000000000000E+04
    0.298867337405681610107421875000000000000000E-01    0.260019970703125000000000000000000000000000E+04
    0.304904840886592864990234375000000000000000E-01    0.255905053710937500000000000000000000000000E+04
    0.311064328998327255249023437500000000000000E-01    0.251729956054687500000000000000000000000000E+04
    0.317348241806030273437500000000000000000000E-01    0.247504541015625000000000000000000000000000E+04
    0.323759093880653381347656250000000000000000E-01    0.243238476562500000000000000000000000000000E+04
    0.330299474298954010009765625000000000000000E-01    0.238942700195312500000000000000000000000000E+04
    0.336971953511238098144531250000000000000000E-01    0.234629223632812500000000000000000000000000E+04
    0.343779213726520538330078125000000000000000E-01    0.230309521484375000000000000000000000000000E+04
    0.350724011659622192382812500000000000000000E-01    0.225994384765625000000000000000000000000000E+04
    0.357809104025363922119140625000000000000000E-01    0.221694140625000000000000000000000000000000E+04
    0.365037508308887481689453125000000000000000E-01    0.217421215820312500000000000000000000000000E+04
    0.372411720454692840576171875000000000000000E-01    0.213189355468750000000000000000000000000000E+04
    0.379934944212436676025390625000000000000000E-01    0.209011376953125000000000000000000000000000E+04
    0.387610122561454772949218750000000000000000E-01    0.204899072265625000000000000000000000000000E+04
    0.395440347492694854736328125000000000000000E-01    0.200863183593750000000000000000000000000000E+04
    0.403428785502910614013671875000000000000000E-01    0.196911401367187500000000000000000000000000E+04
    0.411578565835952758789062500000000000000000E-01    0.193049182128906250000000000000000000000000E+04
    0.419893004000186920166015625000000000000000E-01    0.189281445312500000000000000000000000000000E+04
    0.428375415503978729248046875000000000000000E-01    0.185612609863281250000000000000000000000000E+04
    0.437029153108596801757812500000000000000000E-01    0.182047131347656250000000000000000000000000E+04
    0.445857718586921691894531250000000000000000E-01    0.178594982910156250000000000000000000000000E+04
    0.454864650964736938476562500000000000000000E-01    0.175269128417968750000000000000000000000000E+04
    0.464053489267826080322265625000000000000000E-01    0.172081518554687500000000000000000000000000E+04
    0.473427996039390563964843750000000000000000E-01    0.169043103027343750000000000000000000000000E+04
    0.482991859316825866699218750000000000000000E-01    0.166161120605468750000000000000000000000000E+04
    0.492748916149139404296875000000000000000000E-01    0.163426440429687500000000000000000000000000E+04
    0.502703115344047546386718750000000000000000E-01    0.160825170898437500000000000000000000000000E+04
    0.512858368456363677978515625000000000000000E-01    0.158344274902343750000000000000000000000000E+04
    0.523218810558319091796875000000000000000000E-01    0.155971496582031250000000000000000000000000E+04
    0.533788502216339111328125000000000000000000E-01    0.153695812988281250000000000000000000000000E+04
    0.544571764767169952392578125000000000000000E-01    0.151507263183593750000000000000000000000000E+04
    0.555572807788848876953125000000000000000000E-01    0.149396435546875000000000000000000000000000E+04
    0.566796138882637023925781250000000000000000E-01    0.147354187011718750000000000000000000000000E+04
    0.578246153891086578369140625000000000000000E-01    0.145368017578125000000000000000000000000000E+04
    0.589927472174167633056640625000000000000000E-01    0.143422631835937500000000000000000000000000E+04
    0.601844787597656250000000000000000000000000E-01    0.141503393554687500000000000000000000000000E+04
    0.614003166556358337402343750000000000000000E-01    0.139595385742187500000000000000000000000000E+04
    0.626406818628311157226562500000000000000000E-01    0.137677575683593750000000000000000000000000E+04
    0.639061108231544494628906250000000000000000E-01    0.135727416992187500000000000000000000000000E+04
    0.651970952749252319335937500000000000000000E-01    0.133723657226562500000000000000000000000000E+04
    0.665141642093658447265625000000000000000000E-01    0.131645922851562500000000000000000000000000E+04
    0.678578317165374755859375000000000000000000E-01    0.129474597167968750000000000000000000000000E+04
    0.692286565899848937988281250000000000000000E-01    0.127191796875000000000000000000000000000000E+04
    0.706271678209304809570312500000000000000000E-01    0.124782238769531250000000000000000000000000E+04
    0.720539242029190063476562500000000000000000E-01    0.122234460449218750000000000000000000000000E+04
    0.735095068812370300292968750000000000000000E-01    0.119539318847656250000000000000000000000000E+04
    0.749944970011711120605468750000000000000000E-01    0.116693920898437500000000000000000000000000E+04
    0.765094906091690063476562500000000000000000E-01    0.113708203125000000000000000000000000000000E+04
    0.780550837516784667968750000000000000000000E-01    0.110594677734375000000000000000000000000000E+04
    0.796318948268890380859375000000000000000000E-01    0.107370153808593750000000000000000000000000E+04
    0.812405645847320556640625000000000000000000E-01    0.104058056640625000000000000000000000000000E+04
    0.828817337751388549804687500000000000000000E-01    0.100681848144531250000000000000000000000000E+04
    0.845560505986213684082031250000000000000000E-01    0.972700561523437500000000000000000000000000E+03
    0.862641930580139160156250000000000000000000E-01    0.938539916992187500000000000000000000000000E+03
    0.880068466067314147949218750000000000000000E-01    0.904631835937500000000000000000000000000000E+03
    0.897847041487693786621093750000000000000000E-01    0.871285766601562500000000000000000000000000E+03
    0.915984734892845153808593750000000000000000E-01    0.838785461425781250000000000000000000000000E+03
    0.934488773345947265625000000000000000000000E-01    0.807435607910156250000000000000000000000000E+03
    0.953366756439208984375000000000000000000000E-01    0.777543945312500000000000000000000000000000E+03
    0.972625985741615295410156250000000000000000E-01    0.749369995117187500000000000000000000000000E+03
    0.992274358868598937988281250000000000000000E-01    0.723121032714843750000000000000000000000000E+03
    0.101232007145881652832031250000000000000000E+00    0.698945800781250000000000000000000000000000E+03
    0.103277020156383514404296875000000000000000E+00    0.676964233398437500000000000000000000000000E+03
    0.105363354086875915527343750000000000000000E+00    0.657245971679687500000000000000000000000000E+03
    0.107491828501224517822265625000000000000000E+00    0.639681274414062500000000000000000000000000E+03
    0.109663315117359161376953125000000000000000E+00    0.624118591308593750000000000000000000000000E+03
    0.111878655850887298583984375000000000000000E+00    0.610393066406250000000000000000000000000000E+03
    0.114138752222061157226562500000000000000000E+00    0.598174621582031250000000000000000000000000E+03
    0.116444505751132965087890625000000000000000E+00    0.587098388671875000000000000000000000000000E+03
    0.118796832859516143798828125000000000000000E+00    0.576799926757812500000000000000000000000000E+03
    0.121196687221527099609375000000000000000000E+00    0.566836425781250000000000000000000000000000E+03
    0.123645029962062835693359375000000000000000E+00    0.556771118164062500000000000000000000000000E+03
    0.126142814755439758300781250000000000000000E+00    0.546183288574218750000000000000000000000000E+03
    0.128691077232360839843750000000000000000000E+00    0.534664306640625000000000000000000000000000E+03
    0.131290808320045471191406250000000000000000E+00    0.521862243652343750000000000000000000000000E+03
    0.133943051099777221679687500000000000000000E+00    0.507611938476562500000000000000000000000000E+03
    0.136648878455162048339843750000000000000000E+00    0.491856719970703125000000000000000000000000E+03
    0.139409363269805908203125000000000000000000E+00    0.474715728759765625000000000000000000000000E+03
    0.142225623130798339843750000000000000000000E+00    0.456533721923828125000000000000000000000000E+03
    0.145098760724067687988281250000000000000000E+00    0.437688842773437500000000000000000000000000E+03
    0.148029953241348266601562500000000000000000E+00    0.418658599853515625000000000000000000000000E+03
    0.151020348072052001953125000000000000000000E+00    0.399896514892578125000000000000000000000000E+03
    0.154071167111396789550781250000000000000000E+00    0.381843200683593750000000000000000000000000E+03
    0.157183602452278137207031250000000000000000E+00    0.364889831542968750000000000000000000000000E+03
    0.160358920693397521972656250000000000000000E+00    0.349377777099609375000000000000000000000000E+03
    0.163598373532295227050781250000000000000000E+00    0.335589660644531250000000000000000000000000E+03
    0.166903272271156311035156250000000000000000E+00    0.323633758544921875000000000000000000000000E+03
    0.170275032520294189453125000000000000000000E+00    0.313495666503906250000000000000000000000000E+03
    0.173714801669120788574218750000000000000000E+00    0.304935943603515625000000000000000000000000E+03
    0.177224084734916687011718750000000000000000E+00    0.297586547851562500000000000000000000000000E+03
    0.180804237723350524902343750000000000000000E+00    0.290984588623046875000000000000000000000000E+03
    0.184456720948219299316406250000000000000000E+00    0.284647094726562500000000000000000000000000E+03
    0.188182994723320007324218750000000000000000E+00    0.278125640869140625000000000000000000000000E+03
    0.191984534263610839843750000000000000000000E+00    0.271037322998046875000000000000000000000000E+03
    0.195862874388694763183593750000000000000000E+00    0.263103424072265625000000000000000000000000E+03
    0.199819564819335937500000000000000000000000E+00    0.254215682983398437500000000000000000000000E+03
    0.203856185078620910644531250000000000000000E+00    0.244443496704101562500000000000000000000000E+03
    0.207974359393119812011718750000000000000000E+00    0.234065063476562500000000000000000000000000E+03
    0.212175697088241577148437500000000000000000E+00    0.223458831787109375000000000000000000000000E+03
    0.216461926698684692382812500000000000000000E+00    0.213053207397460937500000000000000000000000E+03
    0.220834761857986450195312500000000000000000E+00    0.203249893188476562500000000000000000000000E+03
    0.225295916199684143066406250000000000000000E+00    0.194376358032226562500000000000000000000000E+03
    0.229847192764282226562500000000000000000000E+00    0.186644943237304687500000000000000000000000E+03
    0.234490394592285156250000000000000000000000E+00    0.180071044921875000000000000000000000000000E+03
    0.239227414131164550781250000000000000000000E+00    0.174478378295898437500000000000000000000000E+03
    0.244060128927230834960937500000000000000000E+00    0.169534729003906250000000000000000000000000E+03
    0.248990446329116821289062500000000000000000E+00    0.164853988647460937500000000000000000000000E+03
    0.254020392894744873046875000000000000000000E+00    0.160091857910156250000000000000000000000000E+03
    0.259151935577392578125000000000000000000000E+00    0.154990829467773437500000000000000000000000E+03
    0.264387160539627075195312500000000000000000E+00    0.149418106079101562500000000000000000000000E+03
    0.269728124141693115234375000000000000000000E+00    0.143404266357421875000000000000000000000000E+03
    0.275177001953125000000000000000000000000000E+00    0.137149719238281250000000000000000000000000E+03
    0.280736058950424194335937500000000000000000E+00    0.130952804565429687500000000000000000000000E+03
    0.286407291889190673828125000000000000000000E+00    0.125106414794921875000000000000000000000000E+03
    0.292193114757537841796875000000000000000000E+00    0.119814376831054687500000000000000000000000E+03
    0.298095792531967163085937500000000000000000E+00    0.115149856567382812500000000000000000000000E+03
    0.304117560386657714843750000000000000000000E+00    0.111048278808593750000000000000000000000000E+03
    0.310261309146881103515625000000000000000000E+00    0.107331832885742187500000000000000000000000E+03
    0.316528826951980590820312500000000000000000E+00    0.103770187377929687500000000000000000000000E+03
    0.322923272848129272460937500000000000000000E+00    0.100155578613281250000000000000000000000000E+03
    0.329446613788604736328125000000000000000000E+00    0.963705139160156250000000000000000000000000E+02
    0.336102008819580078125000000000000000000000E+00    0.924200515747070312500000000000000000000000E+02
    0.342891573905944824218750000000000000000000E+00    0.884218750000000000000000000000000000000000E+02
    0.349818587303161621093750000000000000000000E+00    0.845522460937500000000000000000000000000000E+02
    0.356885224580764770507812500000000000000000E+00    0.809583740234375000000000000000000000000000E+02
    0.364094972610473632812500000000000000000000E+00    0.776925506591796875000000000000000000000000E+02
    0.371450334787368774414062500000000000000000E+00    0.747194595336914062500000000000000000000000E+02
    0.378953933715820312500000000000000000000000E+00    0.719440460205078125000000000000000000000000E+02
    0.386609494686126708984375000000000000000000E+00    0.692346801757812500000000000000000000000000E+02
    0.394419312477111816406250000000000000000000E+00    0.665004196166992187500000000000000000000000E+02
    0.402387291193008422851562500000000000000000E+00    0.637434577941894531250000000000000000000000E+02
    0.410515844821929931640625000000000000000000E+00    0.610148963928222656250000000000000000000000E+02
    0.418809026479721069335937500000000000000000E+00    0.583895721435546875000000000000000000000000E+02
    0.427269339561462402343750000000000000000000E+00    0.559363327026367187500000000000000000000000E+02
    0.435900926589965820312500000000000000000000E+00    0.536584167480468750000000000000000000000000E+02
    0.444706469774246215820312500000000000000000E+00    0.515100021362304687500000000000000000000000E+02
    0.453690379858016967773437500000000000000000E+00    0.494331016540527343750000000000000000000000E+02
    0.462855309247970581054687500000000000000000E+00    0.473838882446289062500000000000000000000000E+02
    0.472205787897109985351562500000000000000000E+00    0.453656196594238281250000000000000000000000E+02
    0.481744766235351562500000000000000000000000E+00    0.434084892272949218750000000000000000000000E+02
    0.491476893424987792968750000000000000000000E+00    0.415431823730468750000000000000000000000000E+02
    0.501405119895935058593750000000000000000000E+00    0.397836532592773437500000000000000000000000E+02
    0.511534392833709716796875000000000000000000E+00    0.381096954345703125000000000000000000000000E+02
    0.521867811679840087890625000000000000000000E+00    0.364965286254882812500000000000000000000000E+02
    0.532410502433776855468750000000000000000000E+00    0.349265403747558593750000000000000000000000E+02
    0.543165624141693115234375000000000000000000E+00    0.334008331298828125000000000000000000000000E+02
    0.554138541221618652343750000000000000000000E+00    0.319357872009277343750000000000000000000000E+02
    0.565332591533660888671875000000000000000000E+00    0.305370807647705078125000000000000000000000E+02
    0.576753377914428710937500000000000000000000E+00    0.292031707763671875000000000000000000000000E+02
    0.588404297828674316406250000000000000000000E+00    0.279200782775878906250000000000000000000000E+02
    0.600291073322296142578125000000000000000000E+00    0.266812591552734375000000000000000000000000E+02
    0.612418055534362792968750000000000000000000E+00    0.254850826263427734375000000000000000000000E+02
    0.624789416790008544921875000000000000000000E+00    0.243373756408691406250000000000000000000000E+02
    0.637411236763000488281250000000000000000000E+00    0.232377433776855468750000000000000000000000E+02
    0.650287508964538574218750000000000000000000E+00    0.221826095581054687500000000000000000000000E+02
    0.663424491882324218750000000000000000000000E+00    0.211693782806396484375000000000000000000000E+02
    0.676826238632202148437500000000000000000000E+00    0.201956939697265625000000000000000000000000E+02
    0.690499365329742431640625000000000000000000E+00    0.192597084045410156250000000000000000000000E+02
    0.704448044300079345703125000000000000000000E+00    0.183602924346923828125000000000000000000000E+02
    0.718679130077362060546875000000000000000000E+00    0.174963932037353515625000000000000000000000E+02
    0.733197033405303955078125000000000000000000E+00    0.166669654846191406250000000000000000000000E+02
    0.748008966445922851562500000000000000000000E+00    0.158707990646362304687500000000000000000000E+02
    0.763119339942932128906250000000000000000000E+00    0.151066074371337890625000000000000000000000E+02
    0.778535783290863037109375000000000000000000E+00    0.143731660842895507812500000000000000000000E+02
    0.794262826442718505859375000000000000000000E+00    0.136693296432495117187500000000000000000000E+02
    0.810308396816253662109375000000000000000000E+00    0.129940662384033203125000000000000000000000E+02
    0.826677322387695312500000000000000000000000E+00    0.123464040756225585937500000000000000000000E+02
    0.843377590179443359375000000000000000000000E+00    0.117254056930541992187500000000000000000000E+02
    0.860414624214172363281250000000000000000000E+00    0.111301984786987304687500000000000000000000E+02
    0.877796530723571777343750000000000000000000E+00    0.105599880218505859375000000000000000000000E+02
    0.895528674125671386718750000000000000000000E+00    0.100139951705932617187500000000000000000000E+02
    0.913619995117187500000000000000000000000000E+00    0.949146270751953125000000000000000000000000E+01
    0.932075977325439453125000000000000000000000E+00    0.899170780181884765625000000000000000000000E+01
    0.950905561447143554687500000000000000000000E+00    0.851409530639648437500000000000000000000000E+01
    0.970114648342132568359375000000000000000000E+00    0.805797386169433593750000000000000000000000E+01
    0.989712655544281005859375000000000000000000E+00    0.762272739410400390625000000000000000000000E+01
    0.100970673561096191406250000000000000000000E+01    0.720786714553833007812500000000000000000000E+01
    0.103010356426239013671875000000000000000000E+01    0.681289911270141601562500000000000000000000E+01
    0.105091357231140136718750000000000000000000E+01    0.643728780746459960937500000000000000000000E+01
    0.107214283943176269531250000000000000000000E+01    0.608054399490356445312500000000000000000000E+01
    0.109380209445953369140625000000000000000000E+01    0.574224567413330078125000000000000000000000E+01
    0.111589777469635009765625000000000000000000E+01    0.542195177078247070312500000000000000000000E+01
    0.113844096660614013671875000000000000000000E+01    0.511919069290161132812500000000000000000000E+01
    0.116143846511840820312500000000000000000000E+01    0.483345603942871093750000000000000000000000E+01
    0.118490159511566162109375000000000000000000E+01    0.456426334381103515625000000000000000000000E+01
    0.120883750915527343750000000000000000000000E+01    0.431109094619750976562500000000000000000000E+01
    0.123325824737548828125000000000000000000000E+01    0.407334089279174804687500000000000000000000E+01
    0.125817120075225830078125000000000000000000E+01    0.385035872459411621093750000000000000000000E+01
    0.128358840942382812500000000000000000000000E+01    0.364146304130554199218750000000000000000000E+01
    0.130951797962188720703125000000000000000000E+01    0.344590640068054199218750000000000000000000E+01
    0.133597266674041748046875000000000000000000E+01    0.326294279098510742187500000000000000000000E+01
    0.136296045780181884765625000000000000000000E+01    0.309173250198364257812500000000000000000000E+01
    0.139049470424652099609375000000000000000000E+01    0.293137192726135253906250000000000000000000E+01
    0.141858386993408203125000000000000000000000E+01    0.278098130226135253906250000000000000000000E+01
    0.144724178314208984375000000000000000000000E+01    0.263957023620605468750000000000000000000000E+01
    0.147647726535797119140625000000000000000000E+01    0.250621032714843750000000000000000000000000E+01
    0.150630474090576171875000000000000000000000E+01    0.237999105453491210937500000000000000000000E+01
    0.153673338890075683593750000000000000000000E+01    0.226002955436706542968750000000000000000000E+01
    0.156777822971343994140625000000000000000000E+01    0.214556574821472167968750000000000000000000E+01
    0.159944856166839599609375000000000000000000E+01    0.203597068786621093750000000000000000000000E+01
    0.163176035881042480468750000000000000000000E+01    0.193071818351745605468750000000000000000000E+01
    0.166472315788269042968750000000000000000000E+01    0.182949173450469970703125000000000000000000E+01
    0.169835364818572998046875000000000000000000E+01    0.173214387893676757812500000000000000000000E+01
    0.173266339302062988281250000000000000000000E+01    0.163861012458801269531250000000000000000000E+01
    0.176766479015350341796875000000000000000000E+01    0.154907023906707763671875000000000000000000E+01
    0.180337476730346679687500000000000000000000E+01    0.146370875835418701171875000000000000000000E+01
    0.183980441093444824218750000000000000000000E+01    0.138270783424377441406250000000000000000000E+01
    0.187697184085845947265625000000000000000000E+01    0.130623912811279296875000000000000000000000E+01
    0.191488826274871826171875000000000000000000E+01    0.123435509204864501953125000000000000000000E+01
    0.195357239246368408203125000000000000000000E+01    0.116687238216400146484375000000000000000000E+01
    0.199303627014160156250000000000000000000000E+01    0.110355138778686523437500000000000000000000E+01
    0.203329920768737792968750000000000000000000E+01    0.104399502277374267578125000000000000000000E+01
    0.207437348365783691406250000000000000000000E+01    0.987689554691314697265625000000000000000000E+00
    0.211627960205078125000000000000000000000000E+01    0.934206843376159667968750000000000000000000E+00
    0.215903019905090332031250000000000000000000E+01    0.883248805999755859375000000000000000000000E+00
    0.220264649391174316406250000000000000000000E+01    0.834584057331085205078125000000000000000000E+00
    0.224714183807373046875000000000000000000000E+01    0.788195788860321044921875000000000000000000E+00
    0.229253816604614257812500000000000000000000E+01    0.744231343269348144531250000000000000000000E+00
    0.233884930610656738281250000000000000000000E+01    0.702772736549377441406250000000000000000000E+00
    0.238609838485717773437500000000000000000000E+01    0.663774073123931884765625000000000000000000E+00
    0.243429946899414062500000000000000000000000E+01    0.627148330211639404296875000000000000000000E+00
    0.248347663879394531250000000000000000000000E+01    0.592663288116455078125000000000000000000000E+00
    0.253364515304565429687500000000000000000000E+01    0.559978723526000976562500000000000000000000E+00
    0.258482933044433593750000000000000000000000E+01    0.528855741024017333984375000000000000000000E+00
    0.263704490661621093750000000000000000000000E+01    0.499297440052032470703125000000000000000000E+00
    0.269031810760498046875000000000000000000000E+01    0.471341907978057861328125000000000000000000E+00
    0.274466466903686523437500000000000000000000E+01    0.444969832897186279296875000000000000000000E+00
    0.280011177062988281250000000000000000000000E+01    0.420116931200027465820312500000000000000000E+00
    0.285667920112609863281250000000000000000000E+01    0.396700412034988403320312500000000000000000E+00
    0.291438651084899902343750000000000000000000E+01    0.374577581882476806640625000000000000000000E+00
    0.297326231002807617187500000000000000000000E+01    0.353611022233963012695312500000000000000000E+00
    0.303332471847534179687500000000000000000000E+01    0.333742022514343261718750000000000000000000E+00
    0.309460353851318359375000000000000000000000E+01    0.314972847700119018554687500000000000000000E+00
    0.315711688995361328125000000000000000000000E+01    0.297284692525863647460937500000000000000000E+00
    0.322089648246765136718750000000000000000000E+01    0.280600637197494506835937500000000000000000E+00
    0.328596115112304687500000000000000000000000E+01    0.264838606119155883789062500000000000000000E+00
    0.335234355926513671875000000000000000000000E+01    0.249938204884529113769531250000000000000000E+00
    0.342006349563598632812500000000000000000000E+01    0.235856413841247558593750000000000000000000E+00
    0.348915529251098632812500000000000000000000E+01    0.222553655505180358886718750000000000000000E+00
    0.355963897705078125000000000000000000000000E+01    0.209996134042739868164062500000000000000000E+00
    0.363155031204223632812500000000000000000000E+01    0.198151141405105590820312500000000000000000E+00
    0.370491051673889160156250000000000000000000E+01    0.186978384852409362792968750000000000000000E+00
    0.377975654602050781250000000000000000000000E+01    0.176432192325592041015625000000000000000000E+00
    0.385611033439636230468750000000000000000000E+01    0.166472017765045166015625000000000000000000E+00
    0.393401122093200683593750000000000000000000E+01    0.157066643238067626953125000000000000000000E+00
    0.401348161697387695312500000000000000000000E+01    0.148187890648841857910156250000000000000000E+00
    0.409456062316894531250000000000000000000000E+01    0.139808982610702514648437500000000000000000E+00
    0.417727470397949218750000000000000000000000E+01    0.131904423236846923828125000000000000000000E+00
    0.426166296005249023437500000000000000000000E+01    0.124449148774147033691406250000000000000000E+00
    0.434775209426879882812500000000000000000000E+01    0.117416769266128540039062500000000000000000E+00
    0.443558454513549804687500000000000000000000E+01    0.110782027244567871093750000000000000000000E+00
    0.452518701553344726562500000000000000000000E+01    0.104522228240966796875000000000000000000000E+00
    0.461660432815551757812500000000000000000000E+01    0.986169129610061645507812500000000000000000E-01
    0.470986795425415039062500000000000000000000E+01    0.930465981364250183105468750000000000000000E-01
    0.480501127243041992187500000000000000000000E+01    0.877924934029579162597656250000000000000000E-01
    0.490208053588867187500000000000000000000000E+01    0.828367322683334350585937500000000000000000E-01
    0.500110673904418945312500000000000000000000E+01    0.781625434756278991699218750000000000000000E-01
    0.510213851928710937500000000000000000000000E+01    0.737541243433952331542968750000000000000000E-01
    0.520520591735839843750000000000000000000000E+01    0.695965811610221862792968750000000000000000E-01
    0.531036043167114257812500000000000000000000E+01    0.656759813427925109863281250000000000000000E-01
    0.541763401031494140625000000000000000000000E+01    0.619791559875011444091796875000000000000000E-01
    0.552708053588867187500000000000000000000000E+01    0.584932975471019744873046875000000000000000E-01
    0.563873195648193359375000000000000000000000E+01    0.552060268819332122802734375000000000000000E-01
    0.575264453887939453125000000000000000000000E+01    0.521058253943920135498046875000000000000000E-01
    0.586885261535644531250000000000000000000000E+01    0.491823367774486541748046875000000000000000E-01
    0.598741388320922851562500000000000000000000E+01    0.464258380234241485595703125000000000000000E-01
    0.610836458206176757812500000000000000000000E+01    0.438268408179283142089843750000000000000000E-01
    0.623176479339599609375000000000000000000000E+01    0.413761176168918609619140625000000000000000E-01
    0.635765171051025390625000000000000000000000E+01    0.390650480985641479492187500000000000000000E-01
    0.648608779907226562500000000000000000000000E+01    0.368856899440288543701171875000000000000000E-01
    0.661711215972900390625000000000000000000000E+01    0.348305925726890563964843750000000000000000E-01
    0.675078964233398437500000000000000000000000E+01    0.328926332294940948486328125000000000000000E-01
    0.688716173171997070312500000000000000000000E+01    0.310650113970041275024414062500000000000000E-01
    0.702629423141479492187500000000000000000000E+01    0.293413456529378890991210937500000000000000E-01
    0.716823101043701171875000000000000000000000E+01    0.277156885713338851928710937500000000000000E-01
    0.731304264068603515625000000000000000000000E+01    0.261824410408735275268554687500000000000000E-01
    0.746077251434326171875000000000000000000000E+01    0.247362777590751647949218750000000000000000E-01
    0.761149358749389648437500000000000000000000E+01    0.233721304684877395629882812500000000000000E-01
    0.776525211334228515625000000000000000000000E+01    0.220852456986904144287109375000000000000000E-01
    0.792212390899658203125000000000000000000000E+01    0.208711810410022735595703125000000000000000E-01
    0.808216571807861328125000000000000000000000E+01    0.197257641702890396118164062500000000000000E-01
    0.824543190002441406250000000000000000000000E+01    0.186450239270925521850585937500000000000000E-01
    0.841200447082519531250000000000000000000000E+01    0.176251903176307678222656250000000000000000E-01
    0.858193302154541015625000000000000000000000E+01    0.166627280414104461669921875000000000000000E-01
    0.875530433654785156250000000000000000000000E+01    0.157543439418077468872070312500000000000000E-01
    0.893216896057128906250000000000000000000000E+01    0.148969423025846481323242187500000000000000E-01
    0.911261463165283203125000000000000000000000E+01    0.140875792130827903747558593750000000000000E-01
    0.929669761657714843750000000000000000000000E+01    0.133234569802880287170410156250000000000000E-01
    0.948450660705566406250000000000000000000000E+01    0.126019539311528205871582031250000000000000E-01
    0.967610168457031250000000000000000000000000E+01    0.119206272065639495849609375000000000000000E-01
    0.987157726287841796875000000000000000000000E+01    0.112771801650524139404296875000000000000000E-01
    0.100709915161132812500000000000000000000000E+02    0.106694381684064865112304687500000000000000E-01
    0.102744436264038085937500000000000000000000E+02    0.100953401997685432434082031250000000000000E-01
    0.104819955825805664062500000000000000000000E+02    0.955295283347368240356445312500000000000000E-02
    0.106937503814697265625000000000000000000000E+02    0.904046092182397842407226562500000000000000E-02
    0.109097728729248046875000000000000000000000E+02    0.855616293847560882568359375000000000000000E-02
    0.111301708221435546875000000000000000000000E+02    0.809845142066478729248046875000000000000000E-02
    0.113550090789794921875000000000000000000000E+02    0.766581343486905097961425781250000000000000E-02
    0.115844011306762695312500000000000000000000E+02    0.725682312622666358947753906250000000000000E-02
    0.118184156417846679687500000000000000000000E+02    0.687013985589146614074707031250000000000000E-02
    0.120571689605712890625000000000000000000000E+02    0.650450354442000389099121093750000000000000E-02
    0.123007345199584960937500000000000000000000E+02    0.615872489288449287414550781250000000000000E-02
    0.125492305755615234375000000000000000000000E+02    0.583168491721153259277343750000000000000000E-02
    0.128027353286743164062500000000000000000000E+02    0.552233122289180755615234375000000000000000E-02
    0.130613737106323242187500000000000000000000E+02    0.522967660799622535705566406250000000000000E-02
    0.133252372741699218750000000000000000000000E+02    0.495279207825660705566406250000000000000000E-02
    0.135944185256958007812500000000000000000000E+02    0.469079939648509025573730468750000000000000E-02
    0.138690500259399414062500000000000000000000E+02    0.444286875426769256591796875000000000000000E-02
    0.141492166519165039062500000000000000000000E+02    0.420821877196431159973144531250000000000000E-02
    0.144350557327270507812500000000000000000000E+02    0.398611789569258689880371093750000000000000E-02
    0.147266559600830078125000000000000000000000E+02    0.377587648108601570129394531250000000000000E-02
    0.150241622924804687500000000000000000000000E+02    0.357684399932622909545898437500000000000000E-02
    0.153276624679565429687500000000000000000000E+02    0.338840764015913009643554687500000000000000E-02
    0.156373090744018554687500000000000000000000E+02    0.320998858660459518432617187500000000000000E-02
    0.159531946182250976562500000000000000000000E+02    0.304104038514196872711181640625000000000000E-02
    0.162754783630371093750000000000000000000000E+02    0.288104731589555740356445312500000000000000E-02
    0.166042575836181640625000000000000000000000E+02    0.272952392697334289550781250000000000000000E-02
    0.169396934509277343750000000000000000000000E+02    0.258601340465247631072998046875000000000000E-02
    0.172818889617919921875000000000000000000000E+02    0.245008338242769241333007812500000000000000E-02
    0.176310138702392578125000000000000000000000E+02    0.232132710516452789306640625000000000000000E-02
    0.179871768951416015625000000000000000000000E+02    0.219935970380902290344238281250000000000000E-02
    0.183505496978759765625000000000000000000000E+02    0.208381726406514644622802734375000000000000E-02
    0.187212448120117187500000000000000000000000E+02    0.197435659356415271759033203125000000000000E-02
    0.190994472503662109375000000000000000000000E+02    0.187065266072750091552734375000000000000000E-02
    0.194852733612060546875000000000000000000000E+02    0.177239940967410802841186523437500000000000E-02
    0.198789100646972656250000000000000000000000E+02    0.167930743191391229629516601562500000000000E-02
    0.202804813385009765625000000000000000000000E+02    0.159110303502529859542846679687500000000000E-02
    0.206901836395263671875000000000000000000000E+02    0.150752719491720199584960937500000000000000E-02
    0.211081428527832031250000000000000000000000E+02    0.142833532299846410751342773437500000000000E-02
    0.215345649719238281250000000000000000000000E+02    0.135329575277864933013916015625000000000000E-02
    0.219696025848388671875000000000000000000000E+02    0.128218973986804485321044921875000000000000E-02
    0.224134063720703125000000000000000000000000E+02    0.121480994857847690582275390625000000000000E-02
    0.228661975860595703125000000000000000000000E+02    0.115095998626202344894409179687500000000000E-02
    0.233281154632568359375000000000000000000000E+02    0.109045451972633600234985351562500000000000E-02
    0.237993831634521484375000000000000000000000E+02    0.103311776183545589447021484375000000000000E-02
    0.242801532745361328125000000000000000000000E+02    0.978783937171101570129394531250000000000000E-03
    0.247706546783447265625000000000000000000000E+02    0.927295419387519359588623046875000000000000E-03
    0.252710437774658203125000000000000000000000E+02    0.878503022249788045883178710937500000000000E-03
    0.257815628051757812500000000000000000000000E+02    0.832265417557209730148315429687500000000000E-03
    0.263023719787597656250000000000000000000000E+02    0.788449076935648918151855468750000000000000E-03
    0.268337268829345703125000000000000000000000E+02    0.746927515137940645217895507812500000000000E-03
    0.273757934570312500000000000000000000000000E+02    0.707580766174942255020141601562500000000000E-03
    0.279288311004638671875000000000000000000000E+02    0.670295034069567918777465820312500000000000E-03
    0.284930171966552734375000000000000000000000E+02    0.634962460026144981384277343750000000000000E-03
    0.290686283111572265625000000000000000000000E+02    0.601481122430413961410522460937500000000000E-03
    0.296558399200439453125000000000000000000000E+02    0.569754338357597589492797851562500000000000E-03
    0.302549400329589843750000000000000000000000E+02    0.539690605364739894866943359375000000000000E-03
    0.308661155700683593750000000000000000000000E+02    0.511203077621757984161376953125000000000000E-03
    0.314896678924560546875000000000000000000000E+02    0.484209391288459300994873046875000000000000E-03
    0.321257820129394531250000000000000000000000E+02    0.458631577203050255775451660156250000000000E-03
    0.327747840881347656250000000000000000000000E+02    0.434395711636170744895935058593750000000000E-03
    0.334368629455566406250000000000000000000000E+02    0.411431741667911410331726074218750000000000E-03
    0.341123466491699218750000000000000000000000E+02    0.389673252357169985771179199218750000000000E-03
    0.348014411926269531250000000000000000000000E+02    0.369057379430159926414489746093750000000000E-03
    0.355044975280761718750000000000000000000000E+02    0.349524372722953557968139648437500000000000E-03
    0.362217178344726562500000000000000000000000E+02    0.331017654389142990112304687500000000000000E-03
    0.369534606933593750000000000000000000000000E+02    0.313483673380687832832336425781250000000000E-03
    0.376999855041503906250000000000000000000000E+02    0.296871527098119258880615234375000000000000E-03
    0.384615592956542968750000000000000000000000E+02    0.281133106909692287445068359375000000000000E-03
    0.392385520935058593750000000000000000000000E+02    0.266222719801589846611022949218750000000000E-03
    0.400312004089355468750000000000000000000000E+02    0.252097059274092316627502441406250000000000E-03
    0.408399047851562500000000000000000000000000E+02    0.238715103478170931339263916015625000000000E-03
    0.416649055480957031250000000000000000000000E+02    0.226037984248250722885131835937500000000000E-03
    0.425066108703613281250000000000000000000000E+02    0.214028827031143009662628173828125000000000E-03
    0.433652801513671875000000000000000000000000E+02    0.202652649022638797760009765625000000000000E-03
    0.442413406372070312500000000000000000000000E+02    0.191876271856017410755157470703125000000000E-03
    0.451350479125976562500000000000000000000000E+02    0.181668277946300804615020751953125000000000E-03
    0.460468597412109375000000000000000000000000E+02    0.171998923178762197494506835937500000000000E-03
    0.469770469665527343750000000000000000000000E+02    0.162840005941689014434814453125000000000000E-03
    0.479260635375976562500000000000000000000000E+02    0.154164765262976288795471191406250000000000E-03
    0.488942108154296875000000000000000000000000E+02    0.145947808050550520420074462890625000000000E-03
    0.498819656372070312500000000000000000000000E+02    0.138165094540454447269439697265625000000000E-03
    0.508896217346191406250000000000000000000000E+02    0.130793836433440446853637695312500000000000E-03
    0.519176826477050781250000000000000000000000E+02    0.123812453239224851131439208984375000000000E-03
    0.529664611816406250000000000000000000000000E+02    0.117200441309250891208648681640625000000000E-03
    0.540364799499511718750000000000000000000000E+02    0.110938410216476768255233764648437500000000E-03
    0.551280593872070312500000000000000000000000E+02    0.105007966340053826570510864257812500000000E-03
    0.562417488098144531250000000000000000000000E+02    0.993916837614960968494415283203125000000000E-04
    0.573778800964355468750000000000000000000000E+02    0.940730460570193827152252197265625000000000E-04
    0.585370178222656250000000000000000000000000E+02    0.890363880898803472518920898437500000000000E-04
    0.597195167541503906250000000000000000000000E+02    0.842668669065460562705993652343750000000000E-04
    0.609259529113769531250000000000000000000000E+02    0.797504180809482932090759277343750000000000E-04
    0.621567726135253906250000000000000000000000E+02    0.754737047827802598476409912109375000000000E-04
    0.634123916625976562500000000000000000000000E+02    0.714241032255813479423522949218750000000000E-04
    0.646934356689453125000000000000000000000000E+02    0.675896444590762257575988769531250000000000E-04
    0.660002975463867187500000000000000000000000E+02    0.639589779893867671489715576171875000000000E-04
    0.673336257934570312500000000000000000000000E+02    0.605213499511592090129852294921875000000000E-04
    0.686938171386718750000000000000000000000000E+02    0.572665776417125016450881958007812500000000E-04
    0.700815582275390625000000000000000000000000E+02    0.541850058652926236391067504882812500000000E-04
    0.714972610473632812500000000000000000000000E+02    0.512674923811573535203933715820312500000000E-04
    0.729416351318359375000000000000000000000000E+02    0.485053715237881988286972045898437500000000E-04
    0.744151153564453125000000000000000000000000E+02    0.458904360129963606595993041992187500000000E-04
    0.759184341430664062500000000000000000000000E+02    0.434148932981770485639572143554687500000000E-04
    0.774520568847656250000000000000000000000000E+02    0.410713728342670947313308715820312500000000E-04
    0.790167236328125000000000000000000000000000E+02    0.388528824259992688894271850585937500000000E-04
    0.806129302978515625000000000000000000000000E+02    0.367528082279022783041000366210937500000000E-04
    0.822414550781250000000000000000000000000000E+02    0.347648783645126968622207641601562500000000E-04
    0.839028015136718750000000000000000000000000E+02    0.328831629303749650716781616210937500000000E-04
    0.855977935791015625000000000000000000000000E+02    0.311020303342957049608230590820312500000000E-04
    0.873269348144531250000000000000000000000000E+02    0.294161436613649129867553710937500000000000E-04
    0.890910949707031250000000000000000000000000E+02    0.278204479400301352143287658691406250000000E-04
    0.908908081054687500000000000000000000000000E+02    0.263101610471494495868682861328125000000000E-04
    0.927269744873046875000000000000000000000000E+02    0.248807518801186233758926391601562500000000E-04
    0.946001358032226562500000000000000000000000E+02    0.235279276239452883601188659667968750000000E-04
    0.965112304687500000000000000000000000000000E+02    0.222476191993337124586105346679687500000000E-04
    0.984608383178710937500000000000000000000000E+02    0.210359739867271855473518371582031250000000E-04
    0.100449920654296875000000000000000000000000E+03    0.198893394554033875465393066406250000000000E-04
    0.102479194641113281250000000000000000000000E+03    0.188042613444849848747253417968750000000000E-04
    0.104549354553222656250000000000000000000000E+03    0.177774654730455949902534484863281250000000E-04
    0.106661445617675781250000000000000000000000E+03    0.168058504641521722078323364257812500000000E-04
    0.108816093444824218750000000000000000000000E+03    0.158864768309285864233970642089843750000000E-04
    0.111014373779296875000000000000000000000000E+03    0.150165642480715177953243255615234375000000E-04
    0.113256958007812500000000000000000000000000E+03    0.141934788189246319234371185302734375000000E-04
    0.115544944763183593750000000000000000000000E+03    0.134147239805315621197223663330078125000000E-04
    0.117879058837890625000000000000000000000000E+03    0.126779368656571023166179656982421875000000E-04
    0.120260421752929687500000000000000000000000E+03    0.119808755698613822460174560546875000000000E-04
    0.122689781188964843750000000000000000000000E+03    0.113214227894786745309829711914062500000000E-04
    0.125168350219726562500000000000000000000000E+03    0.106975703602074645459651947021484375000000E-04
    0.127696846008300781250000000000000000000000E+03    0.101074201666051521897315979003906250000000E-04
    0.130276565551757812500000000000000000000000E+03    0.954917049966752529144287109375000000000000E-05
    0.132908248901367187500000000000000000000000E+03    0.902111696632346138358116149902343750000000E-05
    0.135593231201171875000000000000000000000000E+03    0.852164521347731351852416992187500000000000E-05
    0.138332336425781250000000000000000000000000E+03    0.804922638053540140390396118164062500000000E-05
    0.141126892089843750000000000000000000000000E+03    0.760241255193250253796577453613281250000000E-05
    0.143977767944335937500000000000000000000000E+03    0.717983402864774689078330993652343750000000E-05
    0.146886383056640625000000000000000000000000E+03    0.678019432598375715315341949462890625000000E-05
    0.149853607177734375000000000000000000000000E+03    0.640226471659843809902667999267578125000000E-05
    0.152880935668945312500000000000000000000000E+03    0.604488150202087126672267913818359375000000E-05
    0.155969253540039062500000000000000000000000E+03    0.570694282941985875368118286132812500000000E-05
    0.159120101928710937500000000000000000000000E+03    0.538740641786716878414154052734375000000000E-05
    0.162334472656250000000000000000000000000000E+03    0.508528501086402684450149536132812500000000E-05
    0.165613922119140625000000000000000000000000E+03    0.479964501209906302392482757568359375000000E-05
    0.168959625244140625000000000000000000000000E+03    0.452960057373275049030780792236328125000000E-05
    0.172372741699218750000000000000000000000000E+03    0.427431405114475637674331665039062500000000E-05
    0.175854980468750000000000000000000000000000E+03    0.403299281970248557627201080322265625000000E-05
    0.179407409667968750000000000000000000000000E+03    0.380488654627697542309761047363281250000000E-05
    0.183031753540039062500000000000000000000000E+03    0.358928468813246581703424453735351562500000E-05
    0.186729156494140625000000000000000000000000E+03    0.338551376444229390472173690795898437500000E-05
    0.190501419067382812500000000000000000000000E+03    0.319293735628889407962560653686523437500000E-05
    0.194349700927734375000000000000000000000000E+03    0.301095224131131544709205627441406250000000E-05
    0.198275924682617187500000000000000000000000E+03    0.283898816633154638111591339111328125000000E-05
    0.202281250000000000000000000000000000000000E+03    0.267650534624408464878797531127929687500000E-05
    0.206367706298828125000000000000000000000000E+03    0.252299219027918297797441482543945312500000E-05
    0.210536499023437500000000000000000000000000E+03    0.237796507462917361408472061157226562500000E-05
    0.214789718627929687500000000000000000000000E+03    0.224096561396436300128698348999023437500000E-05
    0.219128646850585937500000000000000000000000E+03    0.211156066143303178250789642333984375000000E-05
    0.223555450439453125000000000000000000000000E+03    0.198933980755100492388010025024414062500000E-05
    0.228071472167968750000000000000000000000000E+03    0.187391481176746310666203498840332031250000E-05
    0.232678924560546875000000000000000000000000E+03    0.176491778347553918138146400451660156250000E-05
    0.237379211425781250000000000000000000000000E+03    0.166200084095180500298738479614257812500000E-05
    0.242174713134765625000000000000000000000000E+03    0.156483451974054332822561264038085937500000E-05
    0.247066848754882812500000000000000000000000E+03    0.147310731790639692917466163635253906250000E-05
    0.252058044433593750000000000000000000000000E+03    0.138652444547915365546941757202148437500000E-05
    0.257149810791015625000000000000000000000000E+03    0.130480680127220693975687026977539062500000E-05
    0.262344726562500000000000000000000000000000E+03    0.122769017707469174638390541076660156250000E-05
    0.267644287109375000000000000000000000000000E+03    0.115492423446994507685303688049316406250000E-05
    0.273051177978515625000000000000000000000000E+03    0.108627239114866824820637702941894531250000E-05
    0.278567047119140625000000000000000000000000E+03    0.102151091141422512009739875793457031250000E-05
    0.284194610595703125000000000000000000000000E+03    0.960427541940589435398578643798828125000000E-06
    0.289935882568359375000000000000000000000000E+03    0.902821795989439124241471290588378906250000E-06
    0.295792785644531250000000000000000000000000E+03    0.848503930228616809472441673278808593750000E-06
    0.301768341064453125000000000000000000000000E+03    0.797294092080846894532442092895507812500000E-06
    0.307864318847656250000000000000000000000000E+03    0.749022206036897841840982437133789062500000E-06
    0.314083740234375000000000000000000000000000E+03    0.703527405221393564715981483459472656250000E-06
    0.320428497314453125000000000000000000000000E+03    0.660657292428368236869573593139648437500000E-06
    0.326901702880859375000000000000000000000000E+03    0.620267769591009709984064102172851562500000E-06
    0.333505401611328125000000000000000000000000E+03    0.582222298817214323207736015319824218750000E-06
    0.340242828369140625000000000000000000000000E+03    0.546391731859330320730805397033691406250000E-06
    0.347116027832031250000000000000000000000000E+03    0.512653855366806965321302413940429687500000E-06
    0.354128387451171875000000000000000000000000E+03    0.480892936138843651860952377319335937500000E-06
    0.361282073974609375000000000000000000000000E+03    0.450999465329005033709108829498291015625000E-06
    0.368580627441406250000000000000000000000000E+03    0.422869845806417288258671760559082031250000E-06
    0.376026275634765625000000000000000000000000E+03    0.396405880564998369663953781127929687500000E-06
    0.383622650146484375000000000000000000000000E+03    0.371514687458329717628657817840576171875000E-06
    0.391372161865234375000000000000000000000000E+03    0.348108386560852522961795330047607421875000E-06
    0.399278594970703125000000000000000000000000E+03    0.326103730685645132325589656829833984375000E-06
    0.407344360351562500000000000000000000000000E+03    0.305421963275875896215438842773437500000000E-06
    0.415573425292968750000000000000000000000000E+03    0.285988591031127725727856159210205078125000E-06
    0.423968383789062500000000000000000000000000E+03    0.267732929160047206096351146697998046875000E-06
    0.432533294677734375000000000000000000000000E+03    0.250588243488891748711466789245605468750000E-06
    0.441270843505859375000000000000000000000000E+03    0.234491267292469274252653121948242187500000E-06
    0.450185302734375000000000000000000000000000E+03    0.219382172872428782284259796142578125000000E-06
    0.459279449462890625000000000000000000000000E+03    0.205204315761875477619469165802001953125000E-06
    0.468557678222656250000000000000000000000000E+03    0.191904064195114187896251678466796875000000E-06
    0.478023437500000000000000000000000000000000E+03    0.179430728053375787567347288131713867187500E-06
    0.487679901123046875000000000000000000000000E+03    0.167736246226013463456183671951293945312500E-06
    0.497531890869140625000000000000000000000000E+03    0.156775200821357429958879947662353515625000E-06
    0.507582427978515625000000000000000000000000E+03    0.146504604003894201014190912246704101562500E-06
    0.517836547851562500000000000000000000000000E+03    0.136883741674864722881466150283813476562500E-06
    0.528297302246093750000000000000000000000000E+03    0.127874230315683234948664903640747070312500E-06
    0.538969848632812500000000000000000000000000E+03    0.119439675927424104884266853332519531250000E-06
    0.549857482910156250000000000000000000000000E+03    0.111545702452531259041279554367065429687500E-06
    0.560965576171875000000000000000000000000000E+03    0.104159767033706884831190109252929687500000E-06
    0.572297607421875000000000000000000000000000E+03    0.972511244867746427189558744430541992187500E-07
    0.583859008789062500000000000000000000000000E+03    0.907907633518334478139877319335937500000000E-07
    0.595653442382812500000000000000000000000000E+03    0.847512637847103178501129150390625000000000E-07
    0.607686706542968750000000000000000000000000E+03    0.791067407135415123775601387023925781250000E-07
    0.619962463378906250000000000000000000000000E+03    0.738327585736442415509372949600219726562500E-07
    0.632486877441406250000000000000000000000000E+03    0.689062460423883749172091484069824218750000E-07
    0.645263610839843750000000000000000000000000E+03    0.643054391957775806076824665069580078125000E-07
    0.658299133300781250000000000000000000000000E+03    0.600098317704578221309930086135864257812500E-07
    0.671597290039062500000000000000000000000000E+03    0.560001005567301035625860095024108886718750E-07
    0.685164794921875000000000000000000000000000E+03    0.522580450024179299362003803253173828125000E-07
    0.699005676269531250000000000000000000000000E+03    0.487665410275894828373566269874572753906250E-07
    0.713126892089843750000000000000000000000000E+03    0.455094557594293291913345456123352050781250E-07
    0.727532653808593750000000000000000000000000E+03    0.424716155578153120586648583412170410156250E-07
    0.742230102539062500000000000000000000000000E+03    0.396387669354680838296189904212951660156250E-07
    0.757223754882812500000000000000000000000000E+03    0.369975126091048878151923418045043945312500E-07
    0.772521057128906250000000000000000000000000E+03    0.345352795250164490425959229469299316406250E-07
    0.788127380371093750000000000000000000000000E+03    0.322402726737891498487442731857299804687500E-07
    0.804048156738281250000000000000000000000000E+03    0.301014217995998478727415204048156738281250E-07
    0.820291442871093750000000000000000000000000E+03    0.281083298858675334486179053783416748046875E-07
    0.836861999511718750000000000000000000000000E+03    0.262512394044733810005709528923034667968750E-07
    0.853768066406250000000000000000000000000000E+03    0.245210269866902308422140777111053466796875E-07
    0.871014953613281250000000000000000000000000E+03    0.229092229631078225793316960334777832031250E-07
    0.888611083984375000000000000000000000000000E+03    0.214078870186540370923466980457305908203125E-07
    0.906562561035156250000000000000000000000000E+03    0.200094323332677959115244448184967041015625E-07
    0.924875000000000000000000000000000000000000E+03    0.187066291346127400174736976623535156250000E-07
    0.943559204101562500000000000000000000000000E+03    0.174929262186651612864807248115539550781250E-07
    0.962620788574218750000000000000000000000000E+03    0.163628364191481523448601365089416503906250E-07
    0.982067504882812500000000000000000000000000E+03    0.153112029721569342655129730701446533203125E-07
    0.100190509033203125000000000000000000000000E+04    0.143316043477170751430094242095947265625000E-07
    0.102214538574218750000000000000000000000000E+04    0.134168027798864386568311601877212524414062E-07
