    0.999999974737875163555145263671875000000000E-04    0.579853973388671875000000000000000000000000E+02
    0.102020130725577473640441894531250000000000E-03    0.591090087890625000000000000000000000000000E+02
    0.104081082099582999944686889648437500000000E-03    0.602543716430664062500000000000000000000000E+02
    0.106183659227099269628524780273437500000000E-03    0.614219093322753906250000000000000000000000E+02
    0.108328706119209527969360351562500000000000E-03    0.626120491027832031250000000000000000000000E+02
    0.110517095890827476978302001953125000000000E-03    0.638252258300781250000000000000000000000000E+02
    0.112749679828993976116180419921875000000000E-03    0.650618896484375000000000000000000000000000E+02
    0.115027374704368412494659423828125000000000E-03    0.663224792480468750000000000000000000000000E+02
    0.117351090011652559041976928710937500000000E-03    0.676074752807617187500000000000000000000000E+02
    0.119721727969590574502944946289062500000000E-03    0.689173278808593750000000000000000000000000E+02
    0.122140278108417987823486328125000000000000E-03    0.702525329589843750000000000000000000000000E+02
    0.124607671750709414482116699218750000000000E-03    0.716135787963867187500000000000000000000000E+02
    0.127124920254573225975036621093750000000000E-03    0.730009536743164062500000000000000000000000E+02
    0.129692998598329722881317138671875000000000E-03    0.744151687622070312500000000000000000000000E+02
    0.132312969071790575981140136718750000000000E-03    0.758567504882812500000000000000000000000000E+02
    0.134985879412852227687835693359375000000000E-03    0.773262100219726562500000000000000000000000E+02
    0.137712777359411120414733886718750000000000E-03    0.788240890502929687500000000000000000000000E+02
    0.140494754305109381675720214843750000000000E-03    0.803509368896484375000000000000000000000000E+02
    0.143332930747419595718383789062500000000000E-03    0.819073104858398437500000000000000000000000E+02
    0.146228456287644803524017333984375000000000E-03    0.834937744140625000000000000000000000000000E+02
    0.149182465975172817707061767578125000000000E-03    0.851109161376953125000000000000000000000000E+02
    0.152196153067052364349365234375000000000000E-03    0.867593231201171875000000000000000000000000E+02
    0.155270710820332169532775878906250000000000E-03    0.884395904541015625000000000000000000000000E+02
    0.158407390699721872806549072265625000000000E-03    0.901523361206054687500000000000000000000000E+02
    0.161607444169931113719940185546875000000000E-03    0.918981781005859375000000000000000000000000E+02
    0.164872122695669531822204589843750000000000E-03    0.936777572631835937500000000000000000000000E+02
    0.168202750501222908496856689453125000000000E-03    0.954917144775390625000000000000000000000000E+02
    0.171600666362792253494262695312500000000000E-03    0.973407135009765625000000000000000000000000E+02
    0.175067238160409033298492431640625000000000E-03    0.992254257202148437500000000000000000000000E+02
    0.178603833774104714393615722656250000000000E-03    0.101146537780761718750000000000000000000000E+03
    0.182211864739656448364257812500000000000000E-03    0.103104736328125000000000000000000000000000E+03
    0.185892800800502300262451171875000000000000E-03    0.105100738525390625000000000000000000000000E+03
    0.189648068044334650039672851562500000000000E-03    0.107135276794433593750000000000000000000000E+03
    0.193479223526082932949066162109375000000000E-03    0.109209075927734375000000000000000000000000E+03
    0.197387780644930899143218994140625000000000E-03    0.111322891235351562500000000000000000000000E+03
    0.201375267351977527141571044921875000000000E-03    0.113477485656738281250000000000000000000000E+03
    0.205443298909813165664672851562500000000000E-03    0.115673637390136718750000000000000000000000E+03
    0.209593548788689076900482177734375000000000E-03    0.117912147521972656250000000000000000000000E+03
    0.213827603147365152835845947265625000000000E-03    0.120193809509277343750000000000000000000000E+03
    0.218147222767584025859832763671875000000000E-03    0.122519462585449218750000000000000000000000E+03
    0.222554081119596958160400390625000000000000E-03    0.124889930725097656250000000000000000000000E+03
    0.227049968088977038860321044921875000000000E-03    0.127306076049804687500000000000000000000000E+03
    0.231636688113212585449218750000000000000000E-03    0.129768753051757812500000000000000000000000E+03
    0.236316060181707143783569335937500000000000E-03    0.132278869628906250000000000000000000000000E+03
    0.241089961491525173187255859375000000000000E-03    0.134837295532226562500000000000000000000000E+03
    0.245960312895476818084716796875000000000000E-03    0.137444976806640625000000000000000000000000E+03
    0.250929006142541766166687011718750000000000E-03    0.140102828979492187500000000000000000000000E+03
    0.255998136708512902259826660156250000000000E-03    0.142811798095703125000000000000000000000000E+03
    0.261169654550030827522277832031250000000000E-03    0.145572875976562500000000000000000000000000E+03
    0.266445596935227513313293457031250000000000E-03    0.148387023925781250000000000000000000000000E+03
    0.271828175755217671394348144531250000000000E-03    0.151255249023437500000000000000000000000000E+03
    0.277319486485794186592102050781250000000000E-03    0.154178573608398437500000000000000000000000E+03
    0.282921682810410857200622558593750000000000E-03    0.157158035278320312500000000000000000000000E+03
    0.288637093035504221916198730468750000000000E-03    0.160194702148437500000000000000000000000000E+03
    0.294467929052188992500305175781250000000000E-03    0.163289642333984375000000000000000000000000E+03
    0.300416606478393077850341796875000000000000E-03    0.166443939208984375000000000000000000000000E+03
    0.306485395412892103195190429687500000000000E-03    0.169658706665039062500000000000000000000000E+03
    0.312676827888935804367065429687500000000000E-03    0.172935104370117187500000000000000000000000E+03
    0.318993290420621633529663085937500000000000E-03    0.176274246215820312500000000000000000000000E+03
    0.325437402352690696716308593750000000000000E-03    0.179677337646484375000000000000000000000000E+03
    0.332011666614562273025512695312500000000000E-03    0.183145538330078125000000000000000000000000E+03
    0.338718760758638381958007812500000000000000E-03    0.186680084228515625000000000000000000000000E+03
    0.345561362337321043014526367187500000000000E-03    0.190282211303710937500000000000000000000000E+03
    0.352542119799181818962097167968750000000000E-03    0.193953155517578125000000000000000000000000E+03
    0.359663943527266383171081542968750000000000E-03    0.197694183349609375000000000000000000000000E+03
    0.366929627489298582077026367187500000000000E-03    0.201506622314453125000000000000000000000000E+03
    0.374342111172154545783996582031250000000000E-03    0.205391784667968750000000000000000000000000E+03
    0.381904304958879947662353515625000000000000E-03    0.209350997924804687500000000000000000000000E+03
    0.389619322959333658218383789062500000000000E-03    0.213385635375976562500000000000000000000000E+03
    0.397490162868052721023559570312500000000000E-03    0.217497070312500000000000000000000000000000E+03
    0.405519997002556920051574707031250000000000E-03    0.221686706542968750000000000000000000000000E+03
    0.413712026784196496009826660156250000000000E-03    0.225955993652343750000000000000000000000000E+03
    0.422069540945813059806823730468750000000000E-03    0.230306350708007812500000000000000000000000E+03
    0.430595915531739592552185058593750000000000E-03    0.234739288330078125000000000000000000000000E+03
    0.439294555690139532089233398437500000000000E-03    0.239256271362304687500000000000000000000000E+03
    0.448168895673006772994995117187500000000000E-03    0.243858840942382812500000000000000000000000E+03
    0.457222486147657036781311035156250000000000E-03    0.248548522949218750000000000000000000000000E+03
    0.466458965092897415161132812500000000000000E-03    0.253326904296875000000000000000000000000000E+03
    0.475882086902856826782226562500000000000000E-03    0.258195587158203125000000000000000000000000E+03
    0.485495547764003276824951171875000000000000E-03    0.263156158447265625000000000000000000000000E+03
    0.495303189381957054138183593750000000000000E-03    0.268210266113281250000000000000000000000000E+03
    0.505309028085321187973022460937500000000000E-03    0.273359558105468750000000000000000000000000E+03
    0.515516963787376880645751953125000000000000E-03    0.278605773925781250000000000000000000000000E+03
    0.525931071024388074874877929687500000000000E-03    0.283950592041015625000000000000000000000000E+03
    0.536555540747940540313720703125000000000000E-03    0.289395721435546875000000000000000000000000E+03
    0.547394680324941873550415039062500000000000E-03    0.294942962646484375000000000000000000000000E+03
    0.558452797122299671173095703125000000000000E-03    0.300594116210937500000000000000000000000000E+03
    0.569734314922243356704711914062500000000000E-03    0.306350921630859375000000000000000000000000E+03
    0.581243715714663267135620117187500000000000E-03    0.312215270996093750000000000000000000000000E+03
    0.592985597904771566390991210937500000000000E-03    0.318188964843750000000000000000000000000000E+03
    0.604964734520763158798217773437500000000000E-03    0.324273956298828125000000000000000000000000E+03
    0.617185782175511121749877929687500000000000E-03    0.330472106933593750000000000000000000000000E+03
    0.629653746727854013442993164062500000000000E-03    0.336785339355468750000000000000000000000000E+03
    0.642373692244291305541992187500000000000000E-03    0.343215606689453125000000000000000000000000E+03
    0.655350449960678815841674804687500000000000E-03    0.349764892578125000000000000000000000000000E+03
    0.668589433189481496810913085937500000000000E-03    0.356435211181640625000000000000000000000000E+03
    0.682095822412520647048950195312500000000000E-03    0.363228576660156250000000000000000000000000E+03
    0.695875030942261219024658203125000000000000E-03    0.370147003173828125000000000000000000000000E+03
    0.709932646714150905609130859375000000000000E-03    0.377192596435546875000000000000000000000000E+03
    0.724274199455976486206054687500000000000000E-03    0.384367401123046875000000000000000000000000E+03
    0.738905626349151134490966796875000000000000E-03    0.391673583984375000000000000000000000000000E+03
    0.753832457121461629867553710937500000000000E-03    0.399113281250000000000000000000000000000000E+03
    0.769060861784964799880981445312500000000000E-03    0.406688598632812500000000000000000000000000E+03
    0.784596893936395645141601562500000000000000E-03    0.414401763916015625000000000000000000000000E+03
    0.800446781795471906661987304687500000000000E-03    0.422254913330078125000000000000000000000000E+03
    0.816616869997233152389526367187500000000000E-03    0.430250305175781250000000000000000000000000E+03
    0.833113677799701690673828125000000000000000E-03    0.438390167236328125000000000000000000000000E+03
    0.849943608045578002929687500000000000000000E-03    0.446676757812500000000000000000000000000000E+03
    0.867113587446510791778564453125000000000000E-03    0.455112335205078125000000000000000000000000E+03
    0.884630659129470586776733398437500000000000E-03    0.463699218750000000000000000000000000000000E+03
    0.902501342352479696273803710937500000000000E-03    0.472439666748046875000000000000000000000000E+03
    0.920733029488474130630493164062500000000000E-03    0.481336059570312500000000000000000000000000E+03
    0.939333112910389900207519531250000000000000E-03    0.490390716552734375000000000000000000000000E+03
    0.958308868575841188430786132812500000000000E-03    0.499605987548828125000000000000000000000000E+03
    0.977667979896068572998046875000000000000000E-03    0.508984252929687500000000000000000000000000E+03
    0.997418188489973545074462890625000000000000E-03    0.518527893066406250000000000000000000000000E+03
    0.101756735239177942276000976562500000000000E-02    0.528239318847656250000000000000000000000000E+03
    0.103812362067401409149169921875000000000000E-02    0.538120910644531250000000000000000000000000E+03
    0.105909502599388360977172851562500000000000E-02    0.548175109863281250000000000000000000000000E+03
    0.108049006666988134384155273437500000000000E-02    0.558404296875000000000000000000000000000000E+03
    0.110231747385114431381225585937500000000000E-02    0.568810974121093750000000000000000000000000E+03
    0.112458574585616588592529296875000000000000E-02    0.579397521972656250000000000000000000000000E+03
    0.114730407949537038803100585937500000000000E-02    0.590166442871093750000000000000000000000000E+03
    0.117048120591789484024047851562500000000000E-02    0.601120178222656250000000000000000000000000E+03
    0.119412643834948539733886718750000000000000E-02    0.612261169433593750000000000000000000000000E+03
    0.121824943926185369491577148437500000000000E-02    0.623591918945312500000000000000000000000000E+03
    0.124285963829606771469116210937500000000000E-02    0.635114807128906250000000000000000000000000E+03
    0.126796704716980457305908203125000000000000E-02    0.646832397460937500000000000000000000000000E+03
    0.129358167760074138641357421875000000000000E-02    0.658747009277343750000000000000000000000000E+03
    0.131971365772187709808349609375000000000000E-02    0.670861206054687500000000000000000000000000E+03
    0.134637358132749795913696289062500000000000E-02    0.683177368164062500000000000000000000000000E+03
    0.137357215862721204757690429687500000000000E-02    0.695697998046875000000000000000000000000000E+03
    0.140132009983062744140625000000000000000000E-02    0.708425415039062500000000000000000000000000E+03
    0.142962858080863952636718750000000000000000E-02    0.721362060546875000000000000000000000000000E+03
    0.145850901026278734207153320312500000000000E-02    0.734510375976562500000000000000000000000000E+03
    0.148797314614057540893554687500000000000000E-02    0.747872619628906250000000000000000000000000E+03
    0.151803228072822093963623046875000000000000E-02    0.761451232910156250000000000000000000000000E+03
    0.154869852121919393539428710937500000000000E-02    0.775248474121093750000000000000000000000000E+03
    0.157998420763760805130004882812500000000000E-02    0.789266601562500000000000000000000000000000E+03
    0.161190202925354242324829101562500000000000E-02    0.803507934570312500000000000000000000000000E+03
    0.164446467533707618713378906250000000000000E-02    0.817974609375000000000000000000000000000000E+03
    0.167768495157361030578613281250000000000000E-02    0.832668945312500000000000000000000000000000E+03
    0.171157636214047670364379882812500000000000E-02    0.847592895507812500000000000000000000000000E+03
    0.174615241121500730514526367187500000000000E-02    0.862748596191406250000000000000000000000000E+03
    0.178142695222049951553344726562500000000000E-02    0.878138122558593750000000000000000000000000E+03
    0.181741418782621622085571289062500000000000E-02    0.893763366699218750000000000000000000000000E+03
    0.185412843711674213409423828125000000000000E-02    0.909626342773437500000000000000000000000000E+03
    0.189158413559198379516601562500000000000000E-02    0.925728759765625000000000000000000000000000E+03
    0.192979711573570966720581054687500000000000E-02    0.942072448730468750000000000000000000000000E+03
    0.196878169663250446319580078125000000000000E-02    0.958659118652343750000000000000000000000000E+03
    0.200855359435081481933593750000000000000000E-02    0.975490356445312500000000000000000000000000E+03
    0.204912899062037467956542968750000000000000E-02    0.992567687988281250000000000000000000000000E+03
    0.209052418358623981475830078125000000000000E-02    0.100989263916015625000000000000000000000000E+04
    0.213275570422410964965820312500000000000000E-02    0.102746643066406250000000000000000000000000E+04
    0.217583985067903995513916015625000000000000E-02    0.104529052734375000000000000000000000000000E+04
    0.221979478374123573303222656250000000000000E-02    0.106336596679687500000000000000000000000000E+04
    0.226463773287832736968994140625000000000000E-02    0.108169372558593750000000000000000000000000E+04
    0.231038639321923255920410156250000000000000E-02    0.110027502441406250000000000000000000000000E+04
    0.235705915838479995727539062500000000000000E-02    0.111911047363281250000000000000000000000000E+04
    0.240467488765716552734375000000000000000000E-02    0.113820068359375000000000000000000000000000E+04
    0.245325244031846523284912109375000000000000E-02    0.115754663085937500000000000000000000000000E+04
    0.250281183980405330657958984375000000000000E-02    0.117714843750000000000000000000000000000000E+04
    0.255337217822670936584472656250000000000000E-02    0.119700659179687500000000000000000000000000E+04
    0.260495371185243129730224609375000000000000E-02    0.121712133789062500000000000000000000000000E+04
    0.265757716260850429534912109375000000000000E-02    0.123749255371093750000000000000000000000000E+04
    0.271126371808350086212158203125000000000000E-02    0.125812048339843750000000000000000000000000E+04
    0.276603479869663715362548828125000000000000E-02    0.127900463867187500000000000000000000000000E+04
    0.282191229052841663360595703125000000000000E-02    0.130014465332031250000000000000000000000000E+04
    0.287891877815127372741699218750000000000000E-02    0.132154003906250000000000000000000000000000E+04
    0.293707661330699920654296875000000000000000E-02    0.134318981933593750000000000000000000000000E+04
    0.299640954472124576568603515625000000000000E-02    0.136509326171875000000000000000000000000000E+04
    0.305694085545837879180908203125000000000000E-02    0.138724914550781250000000000000000000000000E+04
    0.311869522556662559509277343750000000000000E-02    0.140965612792968750000000000000000000000000E+04
    0.318169780075550079345703125000000000000000E-02    0.143231262207031250000000000000000000000000E+04
    0.324597232975065708160400390625000000000000E-02    0.145521691894531250000000000000000000000000E+04
    0.331154512241482734680175781250000000000000E-02    0.147836694335937500000000000000000000000000E+04
    0.337844272144138813018798828125000000000000E-02    0.150176062011718750000000000000000000000000E+04
    0.344669190235435962677001953125000000000000E-02    0.152539538574218750000000000000000000000000E+04
    0.351631967350840568542480468750000000000000E-02    0.154926855468750000000000000000000000000000E+04
    0.358735374175012111663818359375000000000000E-02    0.157337707519531250000000000000000000000000E+04
    0.365982321090996265411376953125000000000000E-02    0.159771789550781250000000000000000000000000E+04
    0.373375625349581241607666015625000000000000E-02    0.162228747558593750000000000000000000000000E+04
    0.380918313749134540557861328125000000000000E-02    0.164708190917968750000000000000000000000000E+04
    0.388613343238830566406250000000000000000000E-02    0.167209692382812500000000000000000000000000E+04
    0.396463880315423011779785156250000000000000E-02    0.169732824707031250000000000000000000000000E+04
    0.404472928494215011596679687500000000000000E-02    0.172277111816406250000000000000000000000000E+04
    0.412643933668732643127441406250000000000000E-02    0.174842065429687500000000000000000000000000E+04
    0.420979922637343406677246093750000000000000E-02    0.177427136230468750000000000000000000000000E+04
    0.429484248161315917968750000000000000000000E-02    0.180031787109375000000000000000000000000000E+04
    0.438160402700304985046386718750000000000000E-02    0.182655419921875000000000000000000000000000E+04
    0.447011832147836685180664062500000000000000E-02    0.185297399902343750000000000000000000000000E+04
    0.456042028963565826416015625000000000000000E-02    0.187957031250000000000000000000000000000000E+04
    0.465254718437790870666503906250000000000000E-02    0.190633557128906250000000000000000000000000E+04
    0.474653439596295356750488281250000000000000E-02    0.193326171875000000000000000000000000000000E+04
    0.484242103993892669677734375000000000000000E-02    0.196034020996093750000000000000000000000000E+04
    0.494024436920881271362304687500000000000000E-02    0.198756250000000000000000000000000000000000E+04
    0.504004349932074546813964843750000000000000E-02    0.201492065429687500000000000000000000000000E+04
    0.514185894280672073364257812500000000000000E-02    0.204240722656250000000000000000000000000000E+04
    0.524573167786002159118652343750000000000000E-02    0.207001440429687500000000000000000000000000E+04
    0.535170361399650573730468750000000000000000E-02    0.209773437500000000000000000000000000000000E+04
    0.545981479808688163757324218750000000000000E-02    0.212555834960937500000000000000000000000000E+04
    0.557011039927601814270019531250000000000000E-02    0.215347363281250000000000000000000000000000E+04
    0.568263372406363487243652343750000000000000E-02    0.218146557617187500000000000000000000000000E+04
    0.579743087291717529296875000000000000000000E-02    0.220951879882812500000000000000000000000000E+04
    0.591454654932022094726562500000000000000000E-02    0.223761718750000000000000000000000000000000E+04
    0.603402825072407722473144531250000000000000E-02    0.226574462890625000000000000000000000000000E+04
    0.615592347458004951477050781250000000000000E-02    0.229388793945312500000000000000000000000000E+04
    0.628028111532330513000488281250000000000000E-02    0.232203491210937500000000000000000000000000E+04
    0.640715099871158599853515625000000000000000E-02    0.235017309570312500000000000000000000000000E+04
    0.653658434748649597167968750000000000000000E-02    0.237829003906250000000000000000000000000000E+04
    0.666863145306706428527832031250000000000000E-02    0.240637231445312500000000000000000000000000E+04
    0.680334679782390594482421875000000000000000E-02    0.243440209960937500000000000000000000000000E+04
    0.694078346714377403259277343750000000000000E-02    0.246236010742187500000000000000000000000000E+04
    0.708099640905857086181640625000000000000000E-02    0.249022656250000000000000000000000000000000E+04
    0.722404150292277336120605468750000000000000E-02    0.251798046875000000000000000000000000000000E+04
    0.736997742205858230590820312500000000000000E-02    0.254560156250000000000000000000000000000000E+04
    0.751886051148176193237304687500000000000000E-02    0.257307153320312500000000000000000000000000E+04
    0.767075084149837493896484375000000000000000E-02    0.260037304687500000000000000000000000000000E+04
    0.782571360468864440917968750000000000000000E-02    0.262748828125000000000000000000000000000000E+04
    0.798380374908447265625000000000000000000000E-02    0.265439892578125000000000000000000000000000E+04
    0.814508739858865737915039062500000000000000E-02    0.268108618164062500000000000000000000000000E+04
    0.830962881445884704589843750000000000000000E-02    0.270752758789062500000000000000000000000000E+04
    0.847749505192041397094726562500000000000000E-02    0.273369921875000000000000000000000000000000E+04
    0.864875130355358123779296875000000000000000E-02    0.275957666015625000000000000000000000000000E+04
    0.882346741855144500732421875000000000000000E-02    0.278513500976562500000000000000000000000000E+04
    0.900171231478452682495117187500000000000000E-02    0.281034887695312500000000000000000000000000E+04
    0.918355956673622131347656250000000000000000E-02    0.283519116210937500000000000000000000000000E+04
    0.936907902359962463378906250000000000000000E-02    0.285963427734375000000000000000000000000000E+04
    0.955834705382585525512695312500000000000000E-02    0.288365014648437500000000000000000000000000E+04
    0.975143909454345703125000000000000000000000E-02    0.290721044921875000000000000000000000000000E+04
    0.994843058288097381591796875000000000000000E-02    0.293028637695312500000000000000000000000000E+04
    0.101494016125798225402832031250000000000000E-01    0.295284863281250000000000000000000000000000E+04
    0.103544332087039947509765625000000000000000E-01    0.297486816406250000000000000000000000000000E+04
    0.105636063963174819946289062500000000000000E-01    0.299631518554687500000000000000000000000000E+04
    0.107770059257745742797851562500000000000000E-01    0.301716040039062500000000000000000000000000E+04
    0.109947146847844123840332031250000000000000E-01    0.303737304687500000000000000000000000000000E+04
    0.112168220803141593933105468750000000000000E-01    0.305692089843750000000000000000000000000000E+04
    0.114434175193309783935546875000000000000000E-01    0.307577099609375000000000000000000000000000E+04
    0.116745894774794578552246093750000000000000E-01    0.309389038085937500000000000000000000000000E+04
    0.119104310870170593261718750000000000000000E-01    0.311124609375000000000000000000000000000000E+04
    0.121510382741689682006835937500000000000000E-01    0.312780517578125000000000000000000000000000E+04
    0.123965051025152206420898437500000000000000E-01    0.314353222656250000000000000000000000000000E+04
    0.126469302922487258911132812500000000000000E-01    0.315839282226562500000000000000000000000000E+04
    0.129024153575301170349121093750000000000000E-01    0.317235205078125000000000000000000000000000E+04
    0.131630674004554748535156250000000000000000E-01    0.318537597656250000000000000000000000000000E+04
    0.134289795532822608947753906250000000000000E-01    0.319742944335937500000000000000000000000000E+04
    0.137002617120742797851562500000000000000000E-01    0.320847680664062500000000000000000000000000E+04
    0.139770256355404853820800781250000000000000E-01    0.321848217773437500000000000000000000000000E+04
    0.142593793570995330810546875000000000000000E-01    0.322741040039062500000000000000000000000000E+04
    0.145474374294281005859375000000000000000000E-01    0.323522705078125000000000000000000000000000E+04
    0.148413162678480148315429687500000000000000E-01    0.324189819335937500000000000000000000000000E+04
    0.151411294937133789062500000000000000000000E-01    0.324738867187500000000000000000000000000000E+04
    0.154470009729266166687011718750000000000000E-01    0.325166503906250000000000000000000000000000E+04
    0.157590489834547042846679687500000000000000E-01    0.325469458007812500000000000000000000000000E+04
    0.160774048417806625366210937500000000000000E-01    0.325644604492187500000000000000000000000000E+04
    0.164021886885166168212890625000000000000000E-01    0.325688867187500000000000000000000000000000E+04
    0.167335346341133117675781250000000000000000E-01    0.325599194335937500000000000000000000000000E+04
    0.170715730637311935424804687500000000000000E-01    0.325372680664062500000000000000000000000000E+04
    0.174164418131113052368164062500000000000000E-01    0.325006542968750000000000000000000000000000E+04
    0.177682787179946899414062500000000000000000E-01    0.324498291015625000000000000000000000000000E+04
    0.181272197514772415161132812500000000000000E-01    0.323845532226562500000000000000000000000000E+04
    0.184934139251708984375000000000000000000000E-01    0.323046093750000000000000000000000000000000E+04
    0.188670046627521514892578125000000000000000E-01    0.322097998046875000000000000000000000000000E+04
    0.192481447011232376098632812500000000000000E-01    0.320999584960937500000000000000000000000000E+04
    0.196369830518960952758789062500000000000000E-01    0.319749316406250000000000000000000000000000E+04
    0.200336743146181106567382812500000000000000E-01    0.318346118164062500000000000000000000000000E+04
    0.204383805394172668457031250000000000000000E-01    0.316789184570312500000000000000000000000000E+04
    0.208512637764215469360351562500000000000000E-01    0.315078100585937500000000000000000000000000E+04
    0.212724860757589340209960937500000000000000E-01    0.313212622070312500000000000000000000000000E+04
    0.217022281140089035034179687500000000000000E-01    0.311192895507812500000000000000000000000000E+04
    0.221406426280736923217773437500000000000000E-01    0.309019604492187500000000000000000000000000E+04
    0.225879121571779251098632812500000000000000E-01    0.306694140625000000000000000000000000000000E+04
    0.230442192405462265014648437500000000000000E-01    0.304218237304687500000000000000000000000000E+04
    0.235097426921129226684570312500000000000000E-01    0.301593920898437500000000000000000000000000E+04
    0.239846706390380859375000000000000000000000E-01    0.298823461914062500000000000000000000000000E+04
    0.244691912084817886352539062500000000000000E-01    0.295909985351562500000000000000000000000000E+04
    0.249635018408298492431640625000000000000000E-01    0.292857690429687500000000000000000000000000E+04
    0.254677981138229370117187500000000000000000E-01    0.289670947265625000000000000000000000000000E+04
    0.259822811931371688842773437500000000000000E-01    0.286354345703125000000000000000000000000000E+04
    0.265071578323841094970703125000000000000000E-01    0.282912744140625000000000000000000000000000E+04
    0.270426385104656219482421875000000000000000E-01    0.279352124023437500000000000000000000000000E+04
    0.275889337062835693359375000000000000000000E-01    0.275679687500000000000000000000000000000000E+04
    0.281462669372558593750000000000000000000000E-01    0.271902807617187500000000000000000000000000E+04
    0.287148579955101013183593750000000000000000E-01    0.268028808593750000000000000000000000000000E+04
    0.292949359863996505737304687500000000000000E-01    0.264065063476562500000000000000000000000000E+04
    0.298867337405681610107421875000000000000000E-01    0.260020532226562500000000000000000000000000E+04
    0.304904840886592864990234375000000000000000E-01    0.255905615234375000000000000000000000000000E+04
    0.311064328998327255249023437500000000000000E-01    0.251730517578125000000000000000000000000000E+04
    0.317348241806030273437500000000000000000000E-01    0.247505126953125000000000000000000000000000E+04
    0.323759093880653381347656250000000000000000E-01    0.243239062500000000000000000000000000000000E+04
    0.330299474298954010009765625000000000000000E-01    0.238943310546875000000000000000000000000000E+04
    0.336971953511238098144531250000000000000000E-01    0.234629882812500000000000000000000000000000E+04
    0.343779213726520538330078125000000000000000E-01    0.230310180664062500000000000000000000000000E+04
    0.350724011659622192382812500000000000000000E-01    0.225995043945312500000000000000000000000000E+04
    0.357809104025363922119140625000000000000000E-01    0.221694824218750000000000000000000000000000E+04
    0.365037508308887481689453125000000000000000E-01    0.217421899414062500000000000000000000000000E+04
    0.372411720454692840576171875000000000000000E-01    0.213190039062500000000000000000000000000000E+04
    0.379934944212436676025390625000000000000000E-01    0.209012060546875000000000000000000000000000E+04
    0.387610122561454772949218750000000000000000E-01    0.204899755859375000000000000000000000000000E+04
    0.395440347492694854736328125000000000000000E-01    0.200863854980468750000000000000000000000000E+04
    0.403428785502910614013671875000000000000000E-01    0.196912060546875000000000000000000000000000E+04
    0.411578565835952758789062500000000000000000E-01    0.193049853515625000000000000000000000000000E+04
    0.419893004000186920166015625000000000000000E-01    0.189282141113281250000000000000000000000000E+04
    0.428375415503978729248046875000000000000000E-01    0.185613342285156250000000000000000000000000E+04
    0.437029153108596801757812500000000000000000E-01    0.182047937011718750000000000000000000000000E+04
    0.445857718586921691894531250000000000000000E-01    0.178595849609375000000000000000000000000000E+04
    0.454864650964736938476562500000000000000000E-01    0.175270043945312500000000000000000000000000E+04
    0.464053489267826080322265625000000000000000E-01    0.172082434082031250000000000000000000000000E+04
    0.473427996039390563964843750000000000000000E-01    0.169043957519531250000000000000000000000000E+04
    0.482991859316825866699218750000000000000000E-01    0.166161840820312500000000000000000000000000E+04
    0.492748916149139404296875000000000000000000E-01    0.163427038574218750000000000000000000000000E+04
    0.502703115344047546386718750000000000000000E-01    0.160825732421875000000000000000000000000000E+04
    0.512858368456363677978515625000000000000000E-01    0.158344982910156250000000000000000000000000E+04
    0.523218810558319091796875000000000000000000E-01    0.155972619628906250000000000000000000000000E+04
    0.533788502216339111328125000000000000000000E-01    0.153697412109375000000000000000000000000000E+04
    0.544571764767169952392578125000000000000000E-01    0.151509020996093750000000000000000000000000E+04
    0.555572807788848876953125000000000000000000E-01    0.149397644042968750000000000000000000000000E+04
    0.566796138882637023925781250000000000000000E-01    0.147353808593750000000000000000000000000000E+04
    0.578246153891086578369140625000000000000000E-01    0.145365283203125000000000000000000000000000E+04
    0.589927472174167633056640625000000000000000E-01    0.143417541503906250000000000000000000000000E+04
    0.601844787597656250000000000000000000000000E-01    0.141496679687500000000000000000000000000000E+04
    0.614003166556358337402343750000000000000000E-01    0.139588366699218750000000000000000000000000E+04
    0.626406818628311157226562500000000000000000E-01    0.137671435546875000000000000000000000000000E+04
    0.639061108231544494628906250000000000000000E-01    0.135722900390625000000000000000000000000000E+04
    0.651970952749252319335937500000000000000000E-01    0.133721105957031250000000000000000000000000E+04
    0.665141642093658447265625000000000000000000E-01    0.131645361328125000000000000000000000000000E+04
    0.678578317165374755859375000000000000000000E-01    0.129475915527343750000000000000000000000000E+04
    0.692286565899848937988281250000000000000000E-01    0.127194738769531250000000000000000000000000E+04
    0.706271678209304809570312500000000000000000E-01    0.124786450195312500000000000000000000000000E+04
    0.720539242029190063476562500000000000000000E-01    0.122239428710937500000000000000000000000000E+04
    0.735095068812370300292968750000000000000000E-01    0.119544433593750000000000000000000000000000E+04
    0.749944970011711120605468750000000000000000E-01    0.116698559570312500000000000000000000000000E+04
    0.765094906091690063476562500000000000000000E-01    0.113711865234375000000000000000000000000000E+04
    0.780550837516784667968750000000000000000000E-01    0.110597082519531250000000000000000000000000E+04
    0.796318948268890380859375000000000000000000E-01    0.107371215820312500000000000000000000000000E+04
    0.812405645847320556640625000000000000000000E-01    0.104057897949218750000000000000000000000000E+04
    0.828817337751388549804687500000000000000000E-01    0.100680798339843750000000000000000000000000E+04
    0.845560505986213684082031250000000000000000E-01    0.972685729980468750000000000000000000000000E+03
    0.862641930580139160156250000000000000000000E-01    0.938526306152343750000000000000000000000000E+03
    0.880068466067314147949218750000000000000000E-01    0.904625061035156250000000000000000000000000E+03
    0.897847041487693786621093750000000000000000E-01    0.871289306640625000000000000000000000000000E+03
    0.915984734892845153808593750000000000000000E-01    0.838800537109375000000000000000000000000000E+03
    0.934488773345947265625000000000000000000000E-01    0.807460998535156250000000000000000000000000E+03
    0.953366756439208984375000000000000000000000E-01    0.777576232910156250000000000000000000000000E+03
    0.972625985741615295410156250000000000000000E-01    0.749403869628906250000000000000000000000000E+03
    0.992274358868598937988281250000000000000000E-01    0.723150573730468750000000000000000000000000E+03
    0.101232007145881652832031250000000000000000E+00    0.698967224121093750000000000000000000000000E+03
    0.103277020156383514404296875000000000000000E+00    0.676976074218750000000000000000000000000000E+03
    0.105363354086875915527343750000000000000000E+00    0.657248840332031250000000000000000000000000E+03
    0.107491828501224517822265625000000000000000E+00    0.639677734375000000000000000000000000000000E+03
    0.109663315117359161376953125000000000000000E+00    0.624113342285156250000000000000000000000000E+03
    0.111878655850887298583984375000000000000000E+00    0.610392028808593750000000000000000000000000E+03
    0.114138752222061157226562500000000000000000E+00    0.598181701660156250000000000000000000000000E+03
    0.116444505751132965087890625000000000000000E+00    0.587114501953125000000000000000000000000000E+03
    0.118796832859516143798828125000000000000000E+00    0.576823364257812500000000000000000000000000E+03
    0.121196687221527099609375000000000000000000E+00    0.566863708496093750000000000000000000000000E+03
    0.123645029962062835693359375000000000000000E+00    0.556796997070312500000000000000000000000000E+03
    0.126142814755439758300781250000000000000000E+00    0.546203002929687500000000000000000000000000E+03
    0.128691077232360839843750000000000000000000E+00    0.534676086425781250000000000000000000000000E+03
    0.131290808320045471191406250000000000000000E+00    0.521867553710937500000000000000000000000000E+03
    0.133943051099777221679687500000000000000000E+00    0.507614349365234375000000000000000000000000E+03
    0.136648878455162048339843750000000000000000E+00    0.491861602783203125000000000000000000000000E+03
    0.139409363269805908203125000000000000000000E+00    0.474727600097656250000000000000000000000000E+03
    0.142225623130798339843750000000000000000000E+00    0.456552856445312500000000000000000000000000E+03
    0.145098760724067687988281250000000000000000E+00    0.437712005615234375000000000000000000000000E+03
    0.148029953241348266601562500000000000000000E+00    0.418681335449218750000000000000000000000000E+03
    0.151020348072052001953125000000000000000000E+00    0.399914215087890625000000000000000000000000E+03
    0.154071167111396789550781250000000000000000E+00    0.381854583740234375000000000000000000000000E+03
    0.157183602452278137207031250000000000000000E+00    0.364897613525390625000000000000000000000000E+03
    0.160358920693397521972656250000000000000000E+00    0.349386108398437500000000000000000000000000E+03
    0.163598373532295227050781250000000000000000E+00    0.335602539062500000000000000000000000000000E+03
    0.166903272271156311035156250000000000000000E+00    0.323652252197265625000000000000000000000000E+03
    0.170275032520294189453125000000000000000000E+00    0.313516601562500000000000000000000000000000E+03
    0.173714801669120788574218750000000000000000E+00    0.304955169677734375000000000000000000000000E+03
    0.177224084734916687011718750000000000000000E+00    0.297601135253906250000000000000000000000000E+03
    0.180804237723350524902343750000000000000000E+00    0.290995269775390625000000000000000000000000E+03
    0.184456720948219299316406250000000000000000E+00    0.284658172607421875000000000000000000000000E+03
    0.188182994723320007324218750000000000000000E+00    0.278140625000000000000000000000000000000000E+03
    0.191984534263610839843750000000000000000000E+00    0.271057006835937500000000000000000000000000E+03
    0.195862874388694763183593750000000000000000E+00    0.263124420166015625000000000000000000000000E+03
    0.199819564819335937500000000000000000000000E+00    0.254234008789062500000000000000000000000000E+03
    0.203856185078620910644531250000000000000000E+00    0.244457977294921875000000000000000000000000E+03
    0.207974359393119812011718750000000000000000E+00    0.234078414916992187500000000000000000000000E+03
    0.212175697088241577148437500000000000000000E+00    0.223475006103515625000000000000000000000000E+03
    0.216461926698684692382812500000000000000000E+00    0.213073059082031250000000000000000000000000E+03
    0.220834761857986450195312500000000000000000E+00    0.203270675659179687500000000000000000000000E+03
    0.225295916199684143066406250000000000000000E+00    0.194394424438476562500000000000000000000000E+03
    0.229847192764282226562500000000000000000000E+00    0.186660369873046875000000000000000000000000E+03
    0.234490394592285156250000000000000000000000E+00    0.180087142944335937500000000000000000000000E+03
    0.239227414131164550781250000000000000000000E+00    0.174497863769531250000000000000000000000000E+03
    0.244060128927230834960937500000000000000000E+00    0.169556243896484375000000000000000000000000E+03
    0.248990446329116821289062500000000000000000E+00    0.164874023437500000000000000000000000000000E+03
    0.254020392894744873046875000000000000000000E+00    0.160109710693359375000000000000000000000000E+03
    0.259151935577392578125000000000000000000000E+00    0.155009460449218750000000000000000000000000E+03
    0.264387160539627075195312500000000000000000E+00    0.149440002441406250000000000000000000000000E+03
    0.269728124141693115234375000000000000000000E+00    0.143427276611328125000000000000000000000000E+03
    0.275177001953125000000000000000000000000000E+00    0.137170791625976562500000000000000000000000E+03
    0.280736058950424194335937500000000000000000E+00    0.130972793579101562500000000000000000000000E+03
    0.286407291889190673828125000000000000000000E+00    0.125128356933593750000000000000000000000000E+03
    0.292193114757537841796875000000000000000000E+00    0.119838447570800781250000000000000000000000E+03
    0.298095792531967163085937500000000000000000E+00    0.115173217773437500000000000000000000000000E+03
    0.304117560386657714843750000000000000000000E+00    0.111070411682128906250000000000000000000000E+03
    0.310261309146881103515625000000000000000000E+00    0.107355758666992187500000000000000000000000E+03
    0.316528826951980590820312500000000000000000E+00    0.103796379089355468750000000000000000000000E+03
    0.322923272848129272460937500000000000000000E+00    0.100181243896484375000000000000000000000000E+03
    0.329446613788604736328125000000000000000000E+00    0.963954925537109375000000000000000000000000E+02
    0.336102008819580078125000000000000000000000E+00    0.924470596313476562500000000000000000000000E+02
    0.342891573905944824218750000000000000000000E+00    0.884504013061523437500000000000000000000000E+02
    0.349818587303161621093750000000000000000000E+00    0.845798645019531250000000000000000000000000E+02
    0.356885224580764770507812500000000000000000E+00    0.809865341186523437500000000000000000000000E+02
    0.364094972610473632812500000000000000000000E+00    0.777230148315429687500000000000000000000000E+02
    0.371450334787368774414062500000000000000000E+00    0.747501449584960937500000000000000000000000E+02
    0.378953933715820312500000000000000000000000E+00    0.719746856689453125000000000000000000000000E+02
    0.386609494686126708984375000000000000000000E+00    0.692675476074218750000000000000000000000000E+02
    0.394419312477111816406250000000000000000000E+00    0.665341949462890625000000000000000000000000E+02
    0.402387291193008422851562500000000000000000E+00    0.637771644592285156250000000000000000000000E+02
    0.410515844821929931640625000000000000000000E+00    0.610505905151367187500000000000000000000000E+02
    0.418809026479721069335937500000000000000000E+00    0.584263572692871093750000000000000000000000E+02
    0.427269339561462402343750000000000000000000E+00    0.559733047485351562500000000000000000000000E+02
    0.435900926589965820312500000000000000000000E+00    0.536975517272949218750000000000000000000000E+02
    0.444706469774246215820312500000000000000000E+00    0.515501251220703125000000000000000000000000E+02
    0.453690379858016967773437500000000000000000E+00    0.494740104675292968750000000000000000000000E+02
    0.462855309247970581054687500000000000000000E+00    0.474270706176757812500000000000000000000000E+02
    0.472205787897109985351562500000000000000000E+00    0.454094429016113281250000000000000000000000E+02
    0.481744766235351562500000000000000000000000E+00    0.434539680480957031250000000000000000000000E+02
    0.491476893424987792968750000000000000000000E+00    0.415904693603515625000000000000000000000000E+02
    0.501405119895935058593750000000000000000000E+00    0.398318405151367187500000000000000000000000E+02
    0.511534392833709716796875000000000000000000E+00    0.381602363586425781250000000000000000000000E+02
    0.521867811679840087890625000000000000000000E+00    0.365481910705566406250000000000000000000000E+02
    0.532410502433776855468750000000000000000000E+00    0.349803276062011718750000000000000000000000E+02
    0.543165624141693115234375000000000000000000E+00    0.334562721252441406250000000000000000000000E+02
    0.554138541221618652343750000000000000000000E+00    0.319929943084716796875000000000000000000000E+02
    0.565332591533660888671875000000000000000000E+00    0.305964412689208984375000000000000000000000E+02
    0.576753377914428710937500000000000000000000E+00    0.292642383575439453125000000000000000000000E+02
    0.588404297828674316406250000000000000000000E+00    0.279835395812988281250000000000000000000000E+02
    0.600291073322296142578125000000000000000000E+00    0.267464504241943359375000000000000000000000E+02
    0.612418055534362792968750000000000000000000E+00    0.255528259277343750000000000000000000000000E+02
    0.624789416790008544921875000000000000000000E+00    0.244069766998291015625000000000000000000000E+02
    0.637411236763000488281250000000000000000000E+00    0.233098220825195312500000000000000000000000E+02
    0.650287508964538574218750000000000000000000E+00    0.222570152282714843750000000000000000000000E+02
    0.663424491882324218750000000000000000000000E+00    0.212460708618164062500000000000000000000000E+02
    0.676826238632202148437500000000000000000000E+00    0.202747287750244140625000000000000000000000E+02
    0.690499365329742431640625000000000000000000E+00    0.193411865234375000000000000000000000000000E+02
    0.704448044300079345703125000000000000000000E+00    0.184442920684814453125000000000000000000000E+02
    0.718679130077362060546875000000000000000000E+00    0.175829792022705078125000000000000000000000E+02
    0.733197033405303955078125000000000000000000E+00    0.167561683654785156250000000000000000000000E+02
    0.748008966445922851562500000000000000000000E+00    0.159626321792602539062500000000000000000000E+02
    0.763119339942932128906250000000000000000000E+00    0.152010488510131835937500000000000000000000E+02
    0.778535783290863037109375000000000000000000E+00    0.144701700210571289062500000000000000000000E+02
    0.794262826442718505859375000000000000000000E+00    0.137688312530517578125000000000000000000000E+02
    0.810308396816253662109375000000000000000000E+00    0.130960149765014648437500000000000000000000E+02
    0.826677322387695312500000000000000000000000E+00    0.124507637023925781250000000000000000000000E+02
    0.843377590179443359375000000000000000000000E+00    0.118321514129638671875000000000000000000000E+02
    0.860414624214172363281250000000000000000000E+00    0.112392921447753906250000000000000000000000E+02
    0.877796530723571777343750000000000000000000E+00    0.106713438034057617187500000000000000000000E+02
    0.895528674125671386718750000000000000000000E+00    0.101274871826171875000000000000000000000000E+02
    0.913619995117187500000000000000000000000000E+00    0.960692691802978515625000000000000000000000E+01
    0.932075977325439453125000000000000000000000E+00    0.910896682739257812500000000000000000000000E+01
    0.950905561447143554687500000000000000000000E+00    0.863296222686767578125000000000000000000000E+01
    0.970114648342132568359375000000000000000000E+00    0.817825984954833984375000000000000000000000E+01
    0.989712655544281005859375000000000000000000E+00    0.774423122406005859375000000000000000000000E+01
    0.100970673561096191406250000000000000000000E+01    0.733035516738891601562500000000000000000000E+01
    0.103010356426239013671875000000000000000000E+01    0.693610668182373046875000000000000000000000E+01
    0.105091357231140136718750000000000000000000E+01    0.656092929840087890625000000000000000000000E+01
    0.107214283943176269531250000000000000000000E+01    0.620431756973266601562500000000000000000000E+01
    0.109380209445953369140625000000000000000000E+01    0.586583805084228515625000000000000000000000E+01
    0.111589777469635009765625000000000000000000E+01    0.554504489898681640625000000000000000000000E+01
    0.113844096660614013671875000000000000000000E+01    0.524146890640258789062500000000000000000000E+01
    0.116143846511840820312500000000000000000000E+01    0.495460510253906250000000000000000000000000E+01
    0.118490159511566162109375000000000000000000E+01    0.468394327163696289062500000000000000000000E+01
    0.120883750915527343750000000000000000000000E+01    0.442894363403320312500000000000000000000000E+01
    0.123325824737548828125000000000000000000000E+01    0.418902730941772460937500000000000000000000E+01
    0.125817120075225830078125000000000000000000E+01    0.396358680725097656250000000000000000000000E+01
    0.128358840942382812500000000000000000000000E+01    0.375198054313659667968750000000000000000000E+01
    0.130951797962188720703125000000000000000000E+01    0.355347871780395507812500000000000000000000E+01
    0.133597266674041748046875000000000000000000E+01    0.336735033988952636718750000000000000000000E+01
    0.136296045780181884765625000000000000000000E+01    0.319279170036315917968750000000000000000000E+01
    0.139049470424652099609375000000000000000000E+01    0.302895164489746093750000000000000000000000E+01
    0.141858386993408203125000000000000000000000E+01    0.287499952316284179687500000000000000000000E+01
    0.144724178314208984375000000000000000000000E+01    0.273000264167785644531250000000000000000000E+01
    0.147647726535797119140625000000000000000000E+01    0.259308362007141113281250000000000000000000E+01
    0.150630474090576171875000000000000000000000E+01    0.246338105201721191406250000000000000000000E+01
    0.153673338890075683593750000000000000000000E+01    0.234005713462829589843750000000000000000000E+01
    0.156777822971343994140625000000000000000000E+01    0.222238683700561523437500000000000000000000E+01
    0.159944856166839599609375000000000000000000E+01    0.210976576805114746093750000000000000000000E+01
    0.163176035881042480468750000000000000000000E+01    0.200168418884277343750000000000000000000000E+01
    0.166472315788269042968750000000000000000000E+01    0.189782810211181640625000000000000000000000E+01
    0.169835364818572998046875000000000000000000E+01    0.179804241657257080078125000000000000000000E+01
    0.173266339302062988281250000000000000000000E+01    0.170224583148956298828125000000000000000000E+01
    0.176766479015350341796875000000000000000000E+01    0.161057305335998535156250000000000000000000E+01
    0.180337476730346679687500000000000000000000E+01    0.152316474914550781250000000000000000000000E+01
    0.183980441093444824218750000000000000000000E+01    0.144016659259796142578125000000000000000000E+01
    0.187697184085845947265625000000000000000000E+01    0.136172103881835937500000000000000000000000E+01
    0.191488826274871826171875000000000000000000E+01    0.128786218166351318359375000000000000000000E+01
    0.195357239246368408203125000000000000000000E+01    0.121840679645538330078125000000000000000000E+01
    0.199303627014160156250000000000000000000000E+01    0.115312039852142333984375000000000000000000E+01
    0.203329920768737792968750000000000000000000E+01    0.109162402153015136718750000000000000000000E+01
    0.207437348365783691406250000000000000000000E+01    0.103343164920806884765625000000000000000000E+01
    0.211627960205078125000000000000000000000000E+01    0.978135943412780761718750000000000000000000E+00
    0.215903019905090332031250000000000000000000E+01    0.925450861454010009765625000000000000000000E+00
    0.220264649391174316406250000000000000000000E+01    0.875151872634887695312500000000000000000000E+00
    0.224714183807373046875000000000000000000000E+01    0.827209711074829101562500000000000000000000E+00
    0.229253816604614257812500000000000000000000E+01    0.781745016574859619140625000000000000000000E+00
    0.233884930610656738281250000000000000000000E+01    0.738820850849151611328125000000000000000000E+00
    0.238609838485717773437500000000000000000000E+01    0.698385179042816162109375000000000000000000E+00
    0.243429946899414062500000000000000000000000E+01    0.660349190235137939453125000000000000000000E+00
    0.248347663879394531250000000000000000000000E+01    0.624490559101104736328125000000000000000000E+00
    0.253364515304565429687500000000000000000000E+01    0.590487480163574218750000000000000000000000E+00
    0.258482933044433593750000000000000000000000E+01    0.558110713958740234375000000000000000000000E+00
    0.263704490661621093750000000000000000000000E+01    0.527352929115295410156250000000000000000000E+00
    0.269031810760498046875000000000000000000000E+01    0.498239845037460327148437500000000000000000E+00
    0.274466466903686523437500000000000000000000E+01    0.470746219158172607421875000000000000000000E+00
    0.280011177062988281250000000000000000000000E+01    0.444806694984436035156250000000000000000000E+00
    0.285667920112609863281250000000000000000000E+01    0.420338779687881469726562500000000000000000E+00
    0.291438651084899902343750000000000000000000E+01    0.397203803062438964843750000000000000000000E+00
    0.297326231002807617187500000000000000000000E+01    0.375267982482910156250000000000000000000000E+00
    0.303332471847534179687500000000000000000000E+01    0.354470700025558471679687500000000000000000E+00
    0.309460353851318359375000000000000000000000E+01    0.334808319807052612304687500000000000000000E+00
    0.315711688995361328125000000000000000000000E+01    0.316258043050765991210937500000000000000000E+00
    0.322089648246765136718750000000000000000000E+01    0.298743605613708496093750000000000000000000E+00
    0.328596115112304687500000000000000000000000E+01    0.282183974981307983398437500000000000000000E+00
    0.335234355926513671875000000000000000000000E+01    0.266518443822860717773437500000000000000000E+00
    0.342006349563598632812500000000000000000000E+01    0.251702666282653808593750000000000000000000E+00
    0.348915529251098632812500000000000000000000E+01    0.237695679068565368652343750000000000000000E+00
    0.355963897705078125000000000000000000000000E+01    0.224462091922760009765625000000000000000000E+00
    0.363155031204223632812500000000000000000000E+01    0.211967706680297851562500000000000000000000E+00
    0.370491051673889160156250000000000000000000E+01    0.200171470642089843750000000000000000000000E+00
    0.377975654602050781250000000000000000000000E+01    0.189027458429336547851562500000000000000000E+00
    0.385611033439636230468750000000000000000000E+01    0.178494662046432495117187500000000000000000E+00
    0.393401122093200683593750000000000000000000E+01    0.168540865182876586914062500000000000000000E+00
    0.401348161697387695312500000000000000000000E+01    0.159136816859245300292968750000000000000000E+00
    0.409456062316894531250000000000000000000000E+01    0.150254756212234497070312500000000000000000E+00
    0.417727470397949218750000000000000000000000E+01    0.141868352890014648437500000000000000000000E+00
    0.426166296005249023437500000000000000000000E+01    0.133951663970947265625000000000000000000000E+00
    0.434775209426879882812500000000000000000000E+01    0.126477599143981933593750000000000000000000E+00
    0.443558454513549804687500000000000000000000E+01    0.119420140981674194335937500000000000000000E+00
    0.452518701553344726562500000000000000000000E+01    0.112755961716175079345703125000000000000000E+00
    0.461660432815551757812500000000000000000000E+01    0.106463976204395294189453125000000000000000E+00
    0.470986795425415039062500000000000000000000E+01    0.100524067878723144531250000000000000000000E+00
    0.480501127243041992187500000000000000000000E+01    0.949166789650917053222656250000000000000000E-01
    0.490208053588867187500000000000000000000000E+01    0.896232202649116516113281250000000000000000E-01
    0.500110673904418945312500000000000000000000E+01    0.846262946724891662597656250000000000000000E-01
    0.510213851928710937500000000000000000000000E+01    0.799096003174781799316406250000000000000000E-01
    0.520520591735839843750000000000000000000000E+01    0.754577144980430603027343750000000000000000E-01
    0.531036043167114257812500000000000000000000E+01    0.712560787796974182128906250000000000000000E-01
    0.541763401031494140625000000000000000000000E+01    0.672908872365951538085937500000000000000000E-01
    0.552708053588867187500000000000000000000000E+01    0.635488256812095642089843750000000000000000E-01
    0.563873195648193359375000000000000000000000E+01    0.600170753896236419677734375000000000000000E-01
    0.575264453887939453125000000000000000000000E+01    0.566836781799793243408203125000000000000000E-01
    0.586885261535644531250000000000000000000000E+01    0.535377636551856994628906250000000000000000E-01
    0.598741388320922851562500000000000000000000E+01    0.505691058933734893798828125000000000000000E-01
    0.610836458206176757812500000000000000000000E+01    0.477677769958972930908203125000000000000000E-01
    0.623176479339599609375000000000000000000000E+01    0.451241582632064819335937500000000000000000E-01
    0.635765171051025390625000000000000000000000E+01    0.426292382180690765380859375000000000000000E-01
    0.648608779907226562500000000000000000000000E+01    0.402746833860874176025390625000000000000000E-01
    0.661711215972900390625000000000000000000000E+01    0.380526632070541381835937500000000000000000E-01
    0.675078964233398437500000000000000000000000E+01    0.359556823968887329101562500000000000000000E-01
    0.688716173171997070312500000000000000000000E+01    0.339765809476375579833984375000000000000000E-01
    0.702629423141479492187500000000000000000000E+01    0.321086421608924865722656250000000000000000E-01
    0.716823101043701171875000000000000000000000E+01    0.303455982357263565063476562500000000000000E-01
    0.731304264068603515625000000000000000000000E+01    0.286815539002418518066406250000000000000000E-01
    0.746077251434326171875000000000000000000000E+01    0.271108876913785934448242187500000000000000E-01
    0.761149358749389648437500000000000000000000E+01    0.256282389163970947265625000000000000000000E-01
    0.776525211334228515625000000000000000000000E+01    0.242285747081041336059570312500000000000000E-01
    0.792212390899658203125000000000000000000000E+01    0.229071974754333496093750000000000000000000E-01
    0.808216571807861328125000000000000000000000E+01    0.216596890240907669067382812500000000000000E-01
    0.824543190002441406250000000000000000000000E+01    0.204818379133939743041992187500000000000000E-01
    0.841200447082519531250000000000000000000000E+01    0.193696394562721252441406250000000000000000E-01
    0.858193302154541015625000000000000000000000E+01    0.183193366974592208862304687500000000000000E-01
    0.875530433654785156250000000000000000000000E+01    0.173274185508489608764648437500000000000000E-01
    0.893216896057128906250000000000000000000000E+01    0.163905862718820571899414062500000000000000E-01
    0.911261463165283203125000000000000000000000E+01    0.155057078227400779724121093750000000000000E-01
    0.929669761657714843750000000000000000000000E+01    0.146698057651519775390625000000000000000000E-01
    0.948450660705566406250000000000000000000000E+01    0.138800824061036109924316406250000000000000E-01
    0.967610168457031250000000000000000000000000E+01    0.131339207291603088378906250000000000000000E-01
    0.987157726287841796875000000000000000000000E+01    0.124288564547896385192871093750000000000000E-01
    0.100709915161132812500000000000000000000000E+02    0.117625594139099121093750000000000000000000E-01
    0.102744436264038085937500000000000000000000E+02    0.111328288912773132324218750000000000000000E-01
    0.104819955825805664062500000000000000000000E+02    0.105375926941633224487304687500000000000000E-01
    0.106937503814697265625000000000000000000000E+02    0.997489877045154571533203125000000000000000E-02
    0.109097728729248046875000000000000000000000E+02    0.944291241466999053955078125000000000000000E-02
    0.111301708221435546875000000000000000000000E+02    0.893990229815244674682617187500000000000000E-02
    0.113550090789794921875000000000000000000000E+02    0.846424140036106109619140625000000000000000E-02
    0.115844011306762695312500000000000000000000E+02    0.801439676433801651000976562500000000000000E-02
    0.118184156417846679687500000000000000000000E+02    0.758892064914107322692871093750000000000000E-02
    0.120571689605712890625000000000000000000000E+02    0.718644820153713226318359375000000000000000E-02
    0.123007345199584960937500000000000000000000E+02    0.680569326505064964294433593750000000000000E-02
    0.125492305755615234375000000000000000000000E+02    0.644544512033462524414062500000000000000000E-02
    0.128027353286743164062500000000000000000000E+02    0.610456289723515510559082031250000000000000E-02
    0.130613737106323242187500000000000000000000E+02    0.578197743743658065795898437500000000000000E-02
    0.133252372741699218750000000000000000000000E+02    0.547668244689702987670898437500000000000000E-02
    0.135944185256958007812500000000000000000000E+02    0.518772378563880920410156250000000000000000E-02
    0.138690500259399414062500000000000000000000E+02    0.491419807076454162597656250000000000000000E-02
    0.141492166519165039062500000000000000000000E+02    0.465525453910231590270996093750000000000000E-02
    0.144350557327270507812500000000000000000000E+02    0.441009690985083580017089843750000000000000E-02
    0.147266559600830078125000000000000000000000E+02    0.417797407135367393493652343750000000000000E-02
    0.150241622924804687500000000000000000000000E+02    0.395817728713154792785644531250000000000000E-02
    0.153276624679565429687500000000000000000000E+02    0.375003693625330924987792968750000000000000E-02
    0.156373090744018554687500000000000000000000E+02    0.355292134918272495269775390625000000000000E-02
    0.159531946182250976562500000000000000000000E+02    0.336623308248817920684814453125000000000000E-02
    0.162754783630371093750000000000000000000000E+02    0.318940775468945503234863281250000000000000E-02
    0.166042575836181640625000000000000000000000E+02    0.302191427908837795257568359375000000000000E-02
    0.169396934509277343750000000000000000000000E+02    0.286325137130916118621826171875000000000000E-02
    0.172818889617919921875000000000000000000000E+02    0.271294661797583103179931640625000000000000E-02
    0.176310138702392578125000000000000000000000E+02    0.257055321708321571350097656250000000000000E-02
    0.179871768951416015625000000000000000000000E+02    0.243564904667437076568603515625000000000000E-02
    0.183505496978759765625000000000000000000000E+02    0.230783526785671710968017578125000000000000E-02
    0.187212448120117187500000000000000000000000E+02    0.218673399649560451507568359375000000000000E-02
    0.190994472503662109375000000000000000000000E+02    0.207198876887559890747070312500000000000000E-02
    0.194852733612060546875000000000000000000000E+02    0.196326267905533313751220703125000000000000E-02
    0.198789100646972656250000000000000000000000E+02    0.186023768037557601928710937500000000000000E-02
    0.202804813385009765625000000000000000000000E+02    0.176261237356811761856079101562500000000000E-02
    0.206901836395263671875000000000000000000000E+02    0.167010165750980377197265625000000000000000E-02
    0.211081428527832031250000000000000000000000E+02    0.158243579789996147155761718750000000000000E-02
    0.215345649719238281250000000000000000000000E+02    0.149935996159911155700683593750000000000000E-02
    0.219696025848388671875000000000000000000000E+02    0.142063293606042861938476562500000000000000E-02
    0.224134063720703125000000000000000000000000E+02    0.134602619800716638565063476562500000000000E-02
    0.228661975860595703125000000000000000000000E+02    0.127532321494072675704956054687500000000000E-02
    0.233281154632568359375000000000000000000000E+02    0.120831932872533798217773437500000000000000E-02
    0.237993831634521484375000000000000000000000E+02    0.114482082426548004150390625000000000000000E-02
    0.242801532745361328125000000000000000000000E+02    0.108464469667524099349975585937500000000000E-02
    0.247706546783447265625000000000000000000000E+02    0.102761702146381139755249023437500000000000E-02
    0.252710437774658203125000000000000000000000E+02    0.973572547081857919692993164062500000000000E-03
    0.257815628051757812500000000000000000000000E+02    0.922355160582810640335083007812500000000000E-03
    0.263023719787597656250000000000000000000000E+02    0.873817480169236660003662109375000000000000E-03
    0.268337268829345703125000000000000000000000E+02    0.827820040285587310791015625000000000000000E-03
    0.273757934570312500000000000000000000000000E+02    0.784230243880301713943481445312500000000000E-03
    0.279288311004638671875000000000000000000000E+02    0.742922129575163125991821289062500000000000E-03
    0.284930171966552734375000000000000000000000E+02    0.703776488080620765686035156250000000000000E-03
    0.290686283111572265625000000000000000000000E+02    0.666680454742163419723510742187500000000000E-03
    0.296558399200439453125000000000000000000000E+02    0.631527393124997615814208984375000000000000E-03
    0.302549400329589843750000000000000000000000E+02    0.598215789068490266799926757812500000000000E-03
    0.308661155700683593750000000000000000000000E+02    0.566649716347455978393554687500000000000000E-03
    0.314896678924560546875000000000000000000000E+02    0.536738021764904260635375976562500000000000E-03
    0.321257820129394531250000000000000000000000E+02    0.508394499775022268295288085937500000000000E-03
    0.327747840881347656250000000000000000000000E+02    0.481537310406565666198730468750000000000000E-03
    0.334368629455566406250000000000000000000000E+02    0.456088950159028172492980957031250000000000E-03
    0.341123466491699218750000000000000000000000E+02    0.431975990068167448043823242187500000000000E-03
    0.348014411926269531250000000000000000000000E+02    0.409128726460039615631103515625000000000000E-03
    0.355044975280761718750000000000000000000000E+02    0.387481064535677433013916015625000000000000E-03
    0.362217178344726562500000000000000000000000E+02    0.366970372851938009262084960937500000000000E-03
    0.369534606933593750000000000000000000000000E+02    0.347537279594689607620239257812500000000000E-03
    0.376999855041503906250000000000000000000000E+02    0.329125497955828905105590820312500000000000E-03
    0.384615592956542968750000000000000000000000E+02    0.311681767925620079040527343750000000000000E-03
    0.392385520935058593750000000000000000000000E+02    0.295155477942898869514465332031250000000000E-03
    0.400312004089355468750000000000000000000000E+02    0.279498664895072579383850097656250000000000E-03
    0.408399047851562500000000000000000000000000E+02    0.264665897702798247337341308593750000000000E-03
    0.416649055480957031250000000000000000000000E+02    0.250614160904660820960998535156250000000000E-03
    0.425066108703613281250000000000000000000000E+02    0.237302578170783817768096923828125000000000E-03
    0.433652801513671875000000000000000000000000E+02    0.224692426854744553565979003906250000000000E-03
    0.442413406372070312500000000000000000000000E+02    0.212746934266760945320129394531250000000000E-03
    0.451350479125976562500000000000000000000000E+02    0.201431335881352424621582031250000000000000E-03
    0.460468597412109375000000000000000000000000E+02    0.190712657058611512184143066406250000000000E-03
    0.469770469665527343750000000000000000000000E+02    0.180559654836542904376983642578125000000000E-03
    0.479260635375976562500000000000000000000000E+02    0.170942672411911189556121826171875000000000E-03
    0.488942108154296875000000000000000000000000E+02    0.161833595484495162963867187500000000000000E-03
    0.498819656372070312500000000000000000000000E+02    0.153205764945596456527709960937500000000000E-03
    0.508896217346191406250000000000000000000000E+02    0.145033962326124310493469238281250000000000E-03
    0.519176826477050781250000000000000000000000E+02    0.137294278829358518123626708984375000000000E-03
    0.529664611816406250000000000000000000000000E+02    0.129963998915627598762512207031250000000000E-03
    0.540364799499511718750000000000000000000000E+02    0.123021614854224026203155517578125000000000E-03
    0.551280593872070312500000000000000000000000E+02    0.116446768515743315219879150390625000000000E-03
    0.562417488098144531250000000000000000000000E+02    0.110220127680804580450057983398437500000000E-03
    0.573778800964355468750000000000000000000000E+02    0.104323393316008150577545166015625000000000E-03
    0.585370178222656250000000000000000000000000E+02    0.987392195384018123149871826171875000000000E-04
    0.597195167541503906250000000000000000000000E+02    0.934511408559046685695648193359375000000000E-04
    0.609259529113769531250000000000000000000000E+02    0.884435939951799809932708740234375000000000E-04
    0.621567726135253906250000000000000000000000E+02    0.837017942103557288646697998046875000000000E-04
    0.634123916625976562500000000000000000000000E+02    0.792117643868550658226013183593750000000000E-04
    0.646934356689453125000000000000000000000000E+02    0.749602113501168787479400634765625000000000E-04
    0.660002975463867187500000000000000000000000E+02    0.709345695213414728641510009765625000000000E-04
    0.673336257934570312500000000000000000000000E+02    0.671229136059992015361785888671875000000000E-04
    0.686938171386718750000000000000000000000000E+02    0.635139804217033088207244873046875000000000E-04
    0.700815582275390625000000000000000000000000E+02    0.600970597588457167148590087890625000000000E-04
    0.714972610473632812500000000000000000000000E+02    0.568620162084698677062988281250000000000000E-04
    0.729416351318359375000000000000000000000000E+02    0.537992309546098113059997558593750000000000E-04
    0.744151153564453125000000000000000000000000E+02    0.508996017742902040481567382812500000000000E-04
    0.759184341430664062500000000000000000000000E+02    0.481545102957170456647872924804687500000000E-04
    0.774520568847656250000000000000000000000000E+02    0.455557892564684152603149414062500000000000E-04
    0.790167236328125000000000000000000000000000E+02    0.430956970376428216695785522460937500000000E-04
    0.806129302978515625000000000000000000000000E+02    0.407668849220499396324157714843750000000000E-04
    0.822414550781250000000000000000000000000000E+02    0.385624080081470310688018798828125000000000E-04
    0.839028015136718750000000000000000000000000E+02    0.364756851922720670700073242187500000000000E-04
    0.855977935791015625000000000000000000000000E+02    0.345004773407708853483200073242187500000000E-04
    0.873269348144531250000000000000000000000000E+02    0.326308763760607689619064331054687500000000E-04
    0.890910949707031250000000000000000000000000E+02    0.308612761727999895811080932617187500000000E-04
    0.908908081054687500000000000000000000000000E+02    0.291863743768772110342979431152343750000000E-04
    0.927269744873046875000000000000000000000000E+02    0.276011451205704361200332641601562500000000E-04
    0.946001358032226562500000000000000000000000E+02    0.261008335655787959694862365722656250000000E-04
    0.965112304687500000000000000000000000000000E+02    0.246809231612132862210273742675781250000000E-04
    0.984608383178710937500000000000000000000000E+02    0.233371447393437847495079040527343750000000E-04
    0.100449920654296875000000000000000000000000E+03    0.220654528675368055701255798339843750000000E-04
    0.102479194641113281250000000000000000000000E+03    0.208620167541084811091423034667968750000000E-04
    0.104549354553222656250000000000000000000000E+03    0.197232075151987373828887939453125000000000E-04
    0.106661445617675781250000000000000000000000E+03    0.186455872608348727226257324218750000000000E-04
    0.108816093444824218750000000000000000000000E+03    0.176258963620057329535484313964843750000000E-04
    0.111014373779296875000000000000000000000000E+03    0.166610479936935007572174072265625000000000E-04
    0.113256958007812500000000000000000000000000E+03    0.157481244968948885798454284667968750000000E-04
    0.115544944763183593750000000000000000000000E+03    0.148843582792324014008045196533203125000000E-04
    0.117879058837890625000000000000000000000000E+03    0.140671290864702314138412475585937500000000E-04
    0.120260421752929687500000000000000000000000E+03    0.132939567265566438436508178710937500000000E-04
    0.122689781188964843750000000000000000000000E+03    0.125624910651822574436664581298828125000000E-04
    0.125168350219726562500000000000000000000000E+03    0.118705047498224303126335144042968750000000E-04
    0.127696846008300781250000000000000000000000E+03    0.112158904812531545758247375488281250000000E-04
    0.130276565551757812500000000000000000000000E+03    0.105966519186040386557579040527343750000000E-04
    0.132908248901367187500000000000000000000000E+03    0.100109009508742019534111022949218750000000E-04
    0.135593231201171875000000000000000000000000E+03    0.945684769249055534601211547851562500000000E-05
    0.138332336425781250000000000000000000000000E+03    0.893279593583429232239723205566406250000000E-05
    0.141126892089843750000000000000000000000000E+03    0.843713951326208189129829406738281250000000E-05
    0.143977767944335937500000000000000000000000E+03    0.796836138761136680841445922851562500000000E-05
    0.146886383056640625000000000000000000000000E+03    0.752502410250599496066570281982421875000000E-05
    0.149853607177734375000000000000000000000000E+03    0.710576478013535961508750915527343750000000E-05
    0.152880935668945312500000000000000000000000E+03    0.670929148327559232711791992187500000000000E-05
    0.155969253540039062500000000000000000000000E+03    0.633438321528956294059753417968750000000000E-05
    0.159120101928710937500000000000000000000000E+03    0.597988400841131806373596191406250000000000E-05
    0.162334472656250000000000000000000000000000E+03    0.564470110475667752325534820556640625000000E-05
    0.165613922119140625000000000000000000000000E+03    0.532779768036562018096446990966796875000000E-05
    0.168959625244140625000000000000000000000000E+03    0.502819148096023127436637878417968750000000E-05
    0.172372741699218750000000000000000000000000E+03    0.474495345770264975726604461669921875000000E-05
    0.175854980468750000000000000000000000000000E+03    0.447720458396361209452152252197265625000000E-05
    0.179407409667968750000000000000000000000000E+03    0.422411312683834694325923919677734375000000E-05
    0.183031753540039062500000000000000000000000E+03    0.398489146391511894762516021728515625000000E-05
    0.186729156494140625000000000000000000000000E+03    0.375879244529642164707183837890625000000000E-05
    0.190501419067382812500000000000000000000000E+03    0.354511030309367924928665161132812500000000E-05
    0.194349700927734375000000000000000000000000E+03    0.334317610395373776555061340332031250000000E-05
    0.198275924682617187500000000000000000000000E+03    0.315235729431151412427425384521484375000000E-05
    0.202281250000000000000000000000000000000000E+03    0.297205497190589085221290588378906250000000E-05
    0.206367706298828125000000000000000000000000E+03    0.280170252153766341507434844970703125000000E-05
    0.210536499023437500000000000000000000000000E+03    0.264076288658543489873409271240234375000000E-05
    0.214789718627929687500000000000000000000000E+03    0.248872834163194056600332260131835937500000E-05
    0.219128646850585937500000000000000000000000E+03    0.234511799135361798107624053955078125000000E-05
    0.223555450439453125000000000000000000000000E+03    0.220947686102590523660182952880859375000000E-05
    0.228071472167968750000000000000000000000000E+03    0.208137407753383740782737731933593750000000E-05
    0.232678924560546875000000000000000000000000E+03    0.196040195987734477967023849487304687500000E-05
    0.237379211425781250000000000000000000000000E+03    0.184617454124236246570944786071777343750000E-05
    0.242174713134765625000000000000000000000000E+03    0.173832700056664180010557174682617187500000E-05
    0.247066848754882812500000000000000000000000E+03    0.163651338880299590528011322021484375000000E-05
    0.252058044433593750000000000000000000000000E+03    0.154040674260613741353154182434082031250000E-05
    0.257149810791015625000000000000000000000000E+03    0.144969726534327492117881774902343750000000E-05
    0.262344726562500000000000000000000000000000E+03    0.136409198603359982371330261230468750000000E-05
    0.267644287109375000000000000000000000000000E+03    0.128331362247990909963846206665039062500000E-05
    0.273051177978515625000000000000000000000000E+03    0.120709955808706581592559814453125000000000E-05
    0.278567047119140625000000000000000000000000E+03    0.113520172817516140639781951904296875000000E-05
    0.284194610595703125000000000000000000000000E+03    0.106738468730327440425753593444824218750000E-05
    0.289935882568359375000000000000000000000000E+03    0.100342606401682132855057716369628906250000E-05
    0.295792785644531250000000000000000000000000E+03    0.943115253448922885581851005554199218750000E-06
    0.301768341064453125000000000000000000000000E+03    0.886252962573053082451224327087402343750000E-06
    0.307864318847656250000000000000000000000000E+03    0.832650528082012897357344627380371093750000E-06
    0.314083740234375000000000000000000000000000E+03    0.782129404797160532325506210327148437500000E-06
    0.320428497314453125000000000000000000000000E+03    0.734520654077641665935516357421875000000000E-06
    0.326901702880859375000000000000000000000000E+03    0.689664318542781984433531761169433593750000E-06
    0.333505401611328125000000000000000000000000E+03    0.647409024168155156075954437255859375000000E-06
    0.340242828369140625000000000000000000000000E+03    0.607611639225069666281342506408691406250000E-06
    0.347116027832031250000000000000000000000000E+03    0.570136649002961348742246627807617187500000E-06
    0.354128387451171875000000000000000000000000E+03    0.534855530531785916537046432495117187500000E-06
    0.361282073974609375000000000000000000000000E+03    0.501646809425437822937965393066406250000000E-06
    0.368580627441406250000000000000000000000000E+03    0.470395434604142792522907257080078125000000E-06
    0.376026275634765625000000000000000000000000E+03    0.440992721451038960367441177368164062500000E-06
    0.383622650146484375000000000000000000000000E+03    0.413335612847731681540608406066894531250000E-06
    0.391372161865234375000000000000000000000000E+03    0.387326650752584100700914859771728515625000E-06
    0.399278594970703125000000000000000000000000E+03    0.362873493031656835228204727172851562500000E-06
    0.407344360351562500000000000000000000000000E+03    0.339888742928451392799615859985351562500000E-06
    0.415573425292968750000000000000000000000000E+03    0.318289693268525297753512859344482421875000E-06
    0.423968383789062500000000000000000000000000E+03    0.297998042242397787049412727355957031250000E-06
    0.432533294677734375000000000000000000000000E+03    0.278939779718712088651955127716064453125000E-06
    0.441270843505859375000000000000000000000000E+03    0.261044760918593965470790863037109375000000E-06
    0.450185302734375000000000000000000000000000E+03    0.244246564307104563340544700622558593750000E-06
    0.459279449462890625000000000000000000000000E+03    0.228482335273838543798774480819702148437500E-06
    0.468557678222656250000000000000000000000000E+03    0.213692558759248640853911638259887695312500E-06
    0.478023437500000000000000000000000000000000E+03    0.199821016622081515379250049591064453125000E-06
    0.487679901123046875000000000000000000000000E+03    0.186814489211428735870867967605590820312500E-06
    0.497531890869140625000000000000000000000000E+03    0.174622542203906050417572259902954101562500E-06
    0.507582427978515625000000000000000000000000E+03    0.163197526603653386700898408889770507812500E-06
    0.517836547851562500000000000000000000000000E+03    0.152494266103531117551028728485107421875000E-06
    0.528297302246093750000000000000000000000000E+03    0.142470113928538921754807233810424804687500E-06
    0.538969848632812500000000000000000000000000E+03    0.133084725462140340823680162429809570312500E-06
    0.549857482910156250000000000000000000000000E+03    0.124299930348570342175662517547607421875000E-06
    0.560965576171875000000000000000000000000000E+03    0.116079675649416458327323198318481445312500E-06
    0.572297607421875000000000000000000000000000E+03    0.108389848207934846868738532066345214843750E-06
    0.583859008789062500000000000000000000000000E+03    0.101198267543622932862490415573120117187500E-06
    0.595653442382812500000000000000000000000000E+03    0.944745011111081112176179885864257812500000E-07
    0.607686706542968750000000000000000000000000E+03    0.881898003513015282806009054183959960937500E-07
    0.619962463378906250000000000000000000000000E+03    0.823170438479792210273444652557373046875000E-07
    0.632486877441406250000000000000000000000000E+03    0.768306094300896802451461553573608398437500E-07
    0.645263610839843750000000000000000000000000E+03    0.717063741717538505326956510543823242187500E-07
    0.658299133300781250000000000000000000000000E+03    0.669215793891453358810395002365112304687500E-07
    0.671597290039062500000000000000000000000000E+03    0.624547595862168236635625362396240234375000E-07
    0.685164794921875000000000000000000000000000E+03    0.582857033748496178304776549339294433593750E-07
    0.699005676269531250000000000000000000000000E+03    0.543953788678663840983062982559204101562500E-07
    0.713126892089843750000000000000000000000000E+03    0.507658803883259679423645138740539550781250E-07
    0.727532653808593750000000000000000000000000E+03    0.473803716261045337887480854988098144531250E-07
    0.742230102539062500000000000000000000000000E+03    0.442230110309083102038130164146423339843750E-07
    0.757223754882812500000000000000000000000000E+03    0.412789127324231230886653065681457519531250E-07
    0.772521057128906250000000000000000000000000E+03    0.385340968023228924721479415893554687500000E-07
    0.788127380371093750000000000000000000000000E+03    0.359754537271328445058315992355346679687500E-07
    0.804048156738281250000000000000000000000000E+03    0.335906804593832930549979209899902343750000E-07
    0.820291442871093750000000000000000000000000E+03    0.313682164687634212896227836608886718750000E-07
    0.836861999511718750000000000000000000000000E+03    0.292972277549097270821221172809600830078125E-07
    0.853768066406250000000000000000000000000000E+03    0.273675642148418774013407528400421142578125E-07
    0.871014953613281250000000000000000000000000E+03    0.255698022755268539185635745525360107421875E-07
    0.888611083984375000000000000000000000000000E+03    0.238951134434728373889811336994171142578125E-07
    0.906562561035156250000000000000000000000000E+03    0.223350529182653190218843519687652587890625E-07
    0.924875000000000000000000000000000000000000E+03    0.208815791324923338834196329116821289062500E-07
    0.943559204101562500000000000000000000000000E+03    0.195274019176849833456799387931823730468750E-07
    0.962620788574218750000000000000000000000000E+03    0.182664088299588911468163132667541503906250E-07
    0.982067504882812500000000000000000000000000E+03    0.170928586840091156773269176483154296875000E-07
    0.100190509033203125000000000000000000000000E+04    0.159996105253412679303437471389770507812500E-07
    0.102214538574218750000000000000000000000000E+04    0.149786298919707405730150640010833740234375E-07
