    0.999999974737875163555145263671875000000000E-04    0.601334877014160156250000000000000000000000E+02
    0.102020130725577473640441894531250000000000E-03    0.612987251281738281250000000000000000000000E+02
    0.104081082099582999944686889648437500000000E-03    0.624865188598632812500000000000000000000000E+02
    0.106183659227099269628524780273437500000000E-03    0.636973114013671875000000000000000000000000E+02
    0.108328706119209527969360351562500000000000E-03    0.649315414428710937500000000000000000000000E+02
    0.110517095890827476978302001953125000000000E-03    0.661896591186523437500000000000000000000000E+02
    0.112749679828993976116180419921875000000000E-03    0.674721298217773437500000000000000000000000E+02
    0.115027374704368412494659423828125000000000E-03    0.687794265747070312500000000000000000000000E+02
    0.117351090011652559041976928710937500000000E-03    0.701120147705078125000000000000000000000000E+02
    0.119721727969590574502944946289062500000000E-03    0.714703979492187500000000000000000000000000E+02
    0.122140278108417987823486328125000000000000E-03    0.728550720214843750000000000000000000000000E+02
    0.124607671750709414482116699218750000000000E-03    0.742665328979492187500000000000000000000000E+02
    0.127124920254573225975036621093750000000000E-03    0.757053070068359375000000000000000000000000E+02
    0.129692998598329722881317138671875000000000E-03    0.771719131469726562500000000000000000000000E+02
    0.132312969071790575981140136718750000000000E-03    0.786668930053710937500000000000000000000000E+02
    0.134985879412852227687835693359375000000000E-03    0.801907882690429687500000000000000000000000E+02
    0.137712777359411120414733886718750000000000E-03    0.817441558837890625000000000000000000000000E+02
    0.140494754305109381675720214843750000000000E-03    0.833275680541992187500000000000000000000000E+02
    0.143332930747419595718383789062500000000000E-03    0.849416046142578125000000000000000000000000E+02
    0.146228456287644803524017333984375000000000E-03    0.865868377685546875000000000000000000000000E+02
    0.149182465975172817707061767578125000000000E-03    0.882638854980468750000000000000000000000000E+02
    0.152196153067052364349365234375000000000000E-03    0.899733581542968750000000000000000000000000E+02
    0.155270710820332169532775878906250000000000E-03    0.917158660888671875000000000000000000000000E+02
    0.158407390699721872806549072265625000000000E-03    0.934920578002929687500000000000000000000000E+02
    0.161607444169931113719940185546875000000000E-03    0.953025741577148437500000000000000000000000E+02
    0.164872122695669531822204589843750000000000E-03    0.971480712890625000000000000000000000000000E+02
    0.168202750501222908496856689453125000000000E-03    0.990292282104492187500000000000000000000000E+02
    0.171600666362792253494262695312500000000000E-03    0.100946731567382812500000000000000000000000E+03
    0.175067238160409033298492431640625000000000E-03    0.102901260375976562500000000000000000000000E+03
    0.178603833774104714393615722656250000000000E-03    0.104893539428710937500000000000000000000000E+03
    0.182211864739656448364257812500000000000000E-03    0.106924293518066406250000000000000000000000E+03
    0.185892800800502300262451171875000000000000E-03    0.108994239807128906250000000000000000000000E+03
    0.189648068044334650039672851562500000000000E-03    0.111104148864746093750000000000000000000000E+03
    0.193479223526082932949066162109375000000000E-03    0.113254768371582031250000000000000000000000E+03
    0.197387780644930899143218994140625000000000E-03    0.115446891784667968750000000000000000000000E+03
    0.201375267351977527141571044921875000000000E-03    0.117681304931640625000000000000000000000000E+03
    0.205443298909813165664672851562500000000000E-03    0.119958816528320312500000000000000000000000E+03
    0.209593548788689076900482177734375000000000E-03    0.122280250549316406250000000000000000000000E+03
    0.213827603147365152835845947265625000000000E-03    0.124646446228027343750000000000000000000000E+03
    0.218147222767584025859832763671875000000000E-03    0.127058250427246093750000000000000000000000E+03
    0.222554081119596958160400390625000000000000E-03    0.129516540527343750000000000000000000000000E+03
    0.227049968088977038860321044921875000000000E-03    0.132022186279296875000000000000000000000000E+03
    0.231636688113212585449218750000000000000000E-03    0.134576095581054687500000000000000000000000E+03
    0.236316060181707143783569335937500000000000E-03    0.137179183959960937500000000000000000000000E+03
    0.241089961491525173187255859375000000000000E-03    0.139832382202148437500000000000000000000000E+03
    0.245960312895476818084716796875000000000000E-03    0.142536666870117187500000000000000000000000E+03
    0.250929006142541766166687011718750000000000E-03    0.145292968750000000000000000000000000000000E+03
    0.255998136708512902259826660156250000000000E-03    0.148102310180664062500000000000000000000000E+03
    0.261169654550030827522277832031250000000000E-03    0.150965667724609375000000000000000000000000E+03
    0.266445596935227513313293457031250000000000E-03    0.153884078979492187500000000000000000000000E+03
    0.271828175755217671394348144531250000000000E-03    0.156858566284179687500000000000000000000000E+03
    0.277319486485794186592102050781250000000000E-03    0.159890182495117187500000000000000000000000E+03
    0.282921682810410857200622558593750000000000E-03    0.162980026245117187500000000000000000000000E+03
    0.288637093035504221916198730468750000000000E-03    0.166129196166992187500000000000000000000000E+03
    0.294467929052188992500305175781250000000000E-03    0.169338775634765625000000000000000000000000E+03
    0.300416606478393077850341796875000000000000E-03    0.172609924316406250000000000000000000000000E+03
    0.306485395412892103195190429687500000000000E-03    0.175943786621093750000000000000000000000000E+03
    0.312676827888935804367065429687500000000000E-03    0.179341552734375000000000000000000000000000E+03
    0.318993290420621633529663085937500000000000E-03    0.182804397583007812500000000000000000000000E+03
    0.325437402352690696716308593750000000000000E-03    0.186333541870117187500000000000000000000000E+03
    0.332011666614562273025512695312500000000000E-03    0.189930221557617187500000000000000000000000E+03
    0.338718760758638381958007812500000000000000E-03    0.193595703125000000000000000000000000000000E+03
    0.345561362337321043014526367187500000000000E-03    0.197331268310546875000000000000000000000000E+03
    0.352542119799181818962097167968750000000000E-03    0.201138198852539062500000000000000000000000E+03
    0.359663943527266383171081542968750000000000E-03    0.205017837524414062500000000000000000000000E+03
    0.366929627489298582077026367187500000000000E-03    0.208971511840820312500000000000000000000000E+03
    0.374342111172154545783996582031250000000000E-03    0.213000595092773437500000000000000000000000E+03
    0.381904304958879947662353515625000000000000E-03    0.217106475830078125000000000000000000000000E+03
    0.389619322959333658218383789062500000000000E-03    0.221290573120117187500000000000000000000000E+03
    0.397490162868052721023559570312500000000000E-03    0.225554321289062500000000000000000000000000E+03
    0.405519997002556920051574707031250000000000E-03    0.229899169921875000000000000000000000000000E+03
    0.413712026784196496009826660156250000000000E-03    0.234326599121093750000000000000000000000000E+03
    0.422069540945813059806823730468750000000000E-03    0.238838134765625000000000000000000000000000E+03
    0.430595915531739592552185058593750000000000E-03    0.243435287475585937500000000000000000000000E+03
    0.439294555690139532089233398437500000000000E-03    0.248119598388671875000000000000000000000000E+03
    0.448168895673006772994995117187500000000000E-03    0.252892669677734375000000000000000000000000E+03
    0.457222486147657036781311035156250000000000E-03    0.257756103515625000000000000000000000000000E+03
    0.466458965092897415161132812500000000000000E-03    0.262711486816406250000000000000000000000000E+03
    0.475882086902856826782226562500000000000000E-03    0.267760528564453125000000000000000000000000E+03
    0.485495547764003276824951171875000000000000E-03    0.272904876708984375000000000000000000000000E+03
    0.495303189381957054138183593750000000000000E-03    0.278146209716796875000000000000000000000000E+03
    0.505309028085321187973022460937500000000000E-03    0.283486267089843750000000000000000000000000E+03
    0.515516963787376880645751953125000000000000E-03    0.288926849365234375000000000000000000000000E+03
    0.525931071024388074874877929687500000000000E-03    0.294469665527343750000000000000000000000000E+03
    0.536555540747940540313720703125000000000000E-03    0.300116516113281250000000000000000000000000E+03
    0.547394680324941873550415039062500000000000E-03    0.305869262695312500000000000000000000000000E+03
    0.558452797122299671173095703125000000000000E-03    0.311729736328125000000000000000000000000000E+03
    0.569734314922243356704711914062500000000000E-03    0.317699798583984375000000000000000000000000E+03
    0.581243715714663267135620117187500000000000E-03    0.323781402587890625000000000000000000000000E+03
    0.592985597904771566390991210937500000000000E-03    0.329976409912109375000000000000000000000000E+03
    0.604964734520763158798217773437500000000000E-03    0.336286773681640625000000000000000000000000E+03
    0.617185782175511121749877929687500000000000E-03    0.342714538574218750000000000000000000000000E+03
    0.629653746727854013442993164062500000000000E-03    0.349261657714843750000000000000000000000000E+03
    0.642373692244291305541992187500000000000000E-03    0.355930145263671875000000000000000000000000E+03
    0.655350449960678815841674804687500000000000E-03    0.362722076416015625000000000000000000000000E+03
    0.668589433189481496810913085937500000000000E-03    0.369639495849609375000000000000000000000000E+03
    0.682095822412520647048950195312500000000000E-03    0.376684509277343750000000000000000000000000E+03
    0.695875030942261219024658203125000000000000E-03    0.383859252929687500000000000000000000000000E+03
    0.709932646714150905609130859375000000000000E-03    0.391165832519531250000000000000000000000000E+03
    0.724274199455976486206054687500000000000000E-03    0.398606475830078125000000000000000000000000E+03
    0.738905626349151134490966796875000000000000E-03    0.406183288574218750000000000000000000000000E+03
    0.753832457121461629867553710937500000000000E-03    0.413898590087890625000000000000000000000000E+03
    0.769060861784964799880981445312500000000000E-03    0.421754547119140625000000000000000000000000E+03
    0.784596893936395645141601562500000000000000E-03    0.429753417968750000000000000000000000000000E+03
    0.800446781795471906661987304687500000000000E-03    0.437897491455078125000000000000000000000000E+03
    0.816616869997233152389526367187500000000000E-03    0.446189086914062500000000000000000000000000E+03
    0.833113677799701690673828125000000000000000E-03    0.454630493164062500000000000000000000000000E+03
    0.849943608045578002929687500000000000000000E-03    0.463224090576171875000000000000000000000000E+03
    0.867113587446510791778564453125000000000000E-03    0.471972167968750000000000000000000000000000E+03
    0.884630659129470586776733398437500000000000E-03    0.480877136230468750000000000000000000000000E+03
    0.902501342352479696273803710937500000000000E-03    0.489941406250000000000000000000000000000000E+03
    0.920733029488474130630493164062500000000000E-03    0.499167358398437500000000000000000000000000E+03
    0.939333112910389900207519531250000000000000E-03    0.508557464599609375000000000000000000000000E+03
    0.958308868575841188430786132812500000000000E-03    0.518114135742187500000000000000000000000000E+03
    0.977667979896068572998046875000000000000000E-03    0.527839782714843750000000000000000000000000E+03
    0.997418188489973545074462890625000000000000E-03    0.537736938476562500000000000000000000000000E+03
    0.101756735239177942276000976562500000000000E-02    0.547808166503906250000000000000000000000000E+03
    0.103812362067401409149169921875000000000000E-02    0.558055847167968750000000000000000000000000E+03
    0.105909502599388360977172851562500000000000E-02    0.568482482910156250000000000000000000000000E+03
    0.108049006666988134384155273437500000000000E-02    0.579090637207031250000000000000000000000000E+03
    0.110231747385114431381225585937500000000000E-02    0.589882812500000000000000000000000000000000E+03
    0.112458574585616588592529296875000000000000E-02    0.600861633300781250000000000000000000000000E+03
    0.114730407949537038803100585937500000000000E-02    0.612029479980468750000000000000000000000000E+03
    0.117048120591789484024047851562500000000000E-02    0.623389038085937500000000000000000000000000E+03
    0.119412643834948539733886718750000000000000E-02    0.634942749023437500000000000000000000000000E+03
    0.121824943926185369491577148437500000000000E-02    0.646693176269531250000000000000000000000000E+03
    0.124285963829606771469116210937500000000000E-02    0.658642944335937500000000000000000000000000E+03
    0.126796704716980457305908203125000000000000E-02    0.670794555664062500000000000000000000000000E+03
    0.129358167760074138641357421875000000000000E-02    0.683150573730468750000000000000000000000000E+03
    0.131971365772187709808349609375000000000000E-02    0.695713500976562500000000000000000000000000E+03
    0.134637358132749795913696289062500000000000E-02    0.708485961914062500000000000000000000000000E+03
    0.137357215862721204757690429687500000000000E-02    0.721470336914062500000000000000000000000000E+03
    0.140132009983062744140625000000000000000000E-02    0.734669311523437500000000000000000000000000E+03
    0.142962858080863952636718750000000000000000E-02    0.748085205078125000000000000000000000000000E+03
    0.145850901026278734207153320312500000000000E-02    0.761720581054687500000000000000000000000000E+03
    0.148797314614057540893554687500000000000000E-02    0.775577880859375000000000000000000000000000E+03
    0.151803228072822093963623046875000000000000E-02    0.789659484863281250000000000000000000000000E+03
    0.154869852121919393539428710937500000000000E-02    0.803967895507812500000000000000000000000000E+03
    0.157998420763760805130004882812500000000000E-02    0.818505310058593750000000000000000000000000E+03
    0.161190202925354242324829101562500000000000E-02    0.833274230957031250000000000000000000000000E+03
    0.164446467533707618713378906250000000000000E-02    0.848276855468750000000000000000000000000000E+03
    0.167768495157361030578613281250000000000000E-02    0.863515563964843750000000000000000000000000E+03
    0.171157636214047670364379882812500000000000E-02    0.878992370605468750000000000000000000000000E+03
    0.174615241121500730514526367187500000000000E-02    0.894709594726562500000000000000000000000000E+03
    0.178142695222049951553344726562500000000000E-02    0.910669250488281250000000000000000000000000E+03
    0.181741418782621622085571289062500000000000E-02    0.926873352050781250000000000000000000000000E+03
    0.185412843711674213409423828125000000000000E-02    0.943323913574218750000000000000000000000000E+03
    0.189158413559198379516601562500000000000000E-02    0.960022888183593750000000000000000000000000E+03
    0.192979711573570966720581054687500000000000E-02    0.976972045898437500000000000000000000000000E+03
    0.196878169663250446319580078125000000000000E-02    0.994173156738281250000000000000000000000000E+03
    0.200855359435081481933593750000000000000000E-02    0.101162786865234375000000000000000000000000E+04
    0.204912899062037467956542968750000000000000E-02    0.102933789062500000000000000000000000000000E+04
    0.209052418358623981475830078125000000000000E-02    0.104730468750000000000000000000000000000000E+04
    0.213275570422410964965820312500000000000000E-02    0.106552954101562500000000000000000000000000E+04
    0.217583985067903995513916015625000000000000E-02    0.108401391601562500000000000000000000000000E+04
    0.221979478374123573303222656250000000000000E-02    0.110275891113281250000000000000000000000000E+04
    0.226463773287832736968994140625000000000000E-02    0.112176562500000000000000000000000000000000E+04
    0.231038639321923255920410156250000000000000E-02    0.114103515625000000000000000000000000000000E+04
    0.235705915838479995727539062500000000000000E-02    0.116056835937500000000000000000000000000000E+04
    0.240467488765716552734375000000000000000000E-02    0.118036584472656250000000000000000000000000E+04
    0.245325244031846523284912109375000000000000E-02    0.120042834472656250000000000000000000000000E+04
    0.250281183980405330657958984375000000000000E-02    0.122075646972656250000000000000000000000000E+04
    0.255337217822670936584472656250000000000000E-02    0.124135034179687500000000000000000000000000E+04
    0.260495371185243129730224609375000000000000E-02    0.126221032714843750000000000000000000000000E+04
    0.265757716260850429534912109375000000000000E-02    0.128333630371093750000000000000000000000000E+04
    0.271126371808350086212158203125000000000000E-02    0.130472839355468750000000000000000000000000E+04
    0.276603479869663715362548828125000000000000E-02    0.132638623046875000000000000000000000000000E+04
    0.282191229052841663360595703125000000000000E-02    0.134830932617187500000000000000000000000000E+04
    0.287891877815127372741699218750000000000000E-02    0.137049719238281250000000000000000000000000E+04
    0.293707661330699920654296875000000000000000E-02    0.139294897460937500000000000000000000000000E+04
    0.299640954472124576568603515625000000000000E-02    0.141566381835937500000000000000000000000000E+04
    0.305694085545837879180908203125000000000000E-02    0.143864050292968750000000000000000000000000E+04
    0.311869522556662559509277343750000000000000E-02    0.146187756347656250000000000000000000000000E+04
    0.318169780075550079345703125000000000000000E-02    0.148537353515625000000000000000000000000000E+04
    0.324597232975065708160400390625000000000000E-02    0.150912634277343750000000000000000000000000E+04
    0.331154512241482734680175781250000000000000E-02    0.153313403320312500000000000000000000000000E+04
    0.337844272144138813018798828125000000000000E-02    0.155739440917968750000000000000000000000000E+04
    0.344669190235435962677001953125000000000000E-02    0.158190478515625000000000000000000000000000E+04
    0.351631967350840568542480468750000000000000E-02    0.160666235351562500000000000000000000000000E+04
    0.358735374175012111663818359375000000000000E-02    0.163166406250000000000000000000000000000000E+04
    0.365982321090996265411376953125000000000000E-02    0.165690661621093750000000000000000000000000E+04
    0.373375625349581241607666015625000000000000E-02    0.168238635253906250000000000000000000000000E+04
    0.380918313749134540557861328125000000000000E-02    0.170809924316406250000000000000000000000000E+04
    0.388613343238830566406250000000000000000000E-02    0.173404113769531250000000000000000000000000E+04
    0.396463880315423011779785156250000000000000E-02    0.176020715332031250000000000000000000000000E+04
    0.404472928494215011596679687500000000000000E-02    0.178659265136718750000000000000000000000000E+04
    0.412643933668732643127441406250000000000000E-02    0.181319238281250000000000000000000000000000E+04
    0.420979922637343406677246093750000000000000E-02    0.184000085449218750000000000000000000000000E+04
    0.429484248161315917968750000000000000000000E-02    0.186701220703125000000000000000000000000000E+04
    0.438160402700304985046386718750000000000000E-02    0.189422045898437500000000000000000000000000E+04
    0.447011832147836685180664062500000000000000E-02    0.192161901855468750000000000000000000000000E+04
    0.456042028963565826416015625000000000000000E-02    0.194920068359375000000000000000000000000000E+04
    0.465254718437790870666503906250000000000000E-02    0.197695751953125000000000000000000000000000E+04
    0.474653439596295356750488281250000000000000E-02    0.200488110351562500000000000000000000000000E+04
    0.484242103993892669677734375000000000000000E-02    0.203296276855468750000000000000000000000000E+04
    0.494024436920881271362304687500000000000000E-02    0.206119360351562500000000000000000000000000E+04
    0.504004349932074546813964843750000000000000E-02    0.208956542968750000000000000000000000000000E+04
    0.514185894280672073364257812500000000000000E-02    0.211807031250000000000000000000000000000000E+04
    0.524573167786002159118652343750000000000000E-02    0.214670043945312500000000000000000000000000E+04
    0.535170361399650573730468750000000000000000E-02    0.217544726562500000000000000000000000000000E+04
    0.545981479808688163757324218750000000000000E-02    0.220430200195312500000000000000000000000000E+04
    0.557011039927601814270019531250000000000000E-02    0.223325146484375000000000000000000000000000E+04
    0.568263372406363487243652343750000000000000E-02    0.226228051757812500000000000000000000000000E+04
    0.579743087291717529296875000000000000000000E-02    0.229137304687500000000000000000000000000000E+04
    0.591454654932022094726562500000000000000000E-02    0.232051269531250000000000000000000000000000E+04
    0.603402825072407722473144531250000000000000E-02    0.234968212890625000000000000000000000000000E+04
    0.615592347458004951477050781250000000000000E-02    0.237886816406250000000000000000000000000000E+04
    0.628028111532330513000488281250000000000000E-02    0.240805786132812500000000000000000000000000E+04
    0.640715099871158599853515625000000000000000E-02    0.243723852539062500000000000000000000000000E+04
    0.653658434748649597167968750000000000000000E-02    0.246639721679687500000000000000000000000000E+04
    0.666863145306706428527832031250000000000000E-02    0.249551977539062500000000000000000000000000E+04
    0.680334679782390594482421875000000000000000E-02    0.252458789062500000000000000000000000000000E+04
    0.694078346714377403259277343750000000000000E-02    0.255358178710937500000000000000000000000000E+04
    0.708099640905857086181640625000000000000000E-02    0.258248071289062500000000000000000000000000E+04
    0.722404150292277336120605468750000000000000E-02    0.261126293945312500000000000000000000000000E+04
    0.736997742205858230590820312500000000000000E-02    0.263990771484375000000000000000000000000000E+04
    0.751886051148176193237304687500000000000000E-02    0.266839575195312500000000000000000000000000E+04
    0.767075084149837493896484375000000000000000E-02    0.269670898437500000000000000000000000000000E+04
    0.782571360468864440917968750000000000000000E-02    0.272482910156250000000000000000000000000000E+04
    0.798380374908447265625000000000000000000000E-02    0.275273706054687500000000000000000000000000E+04
    0.814508739858865737915039062500000000000000E-02    0.278041333007812500000000000000000000000000E+04
    0.830962881445884704589843750000000000000000E-02    0.280783471679687500000000000000000000000000E+04
    0.847749505192041397094726562500000000000000E-02    0.283497607421875000000000000000000000000000E+04
    0.864875130355358123779296875000000000000000E-02    0.286181225585937500000000000000000000000000E+04
    0.882346741855144500732421875000000000000000E-02    0.288831738281250000000000000000000000000000E+04
    0.900171231478452682495117187500000000000000E-02    0.291446557617187500000000000000000000000000E+04
    0.918355956673622131347656250000000000000000E-02    0.294022827148437500000000000000000000000000E+04
    0.936907902359962463378906250000000000000000E-02    0.296557714843750000000000000000000000000000E+04
    0.955834705382585525512695312500000000000000E-02    0.299048291015625000000000000000000000000000E+04
    0.975143909454345703125000000000000000000000E-02    0.301491625976562500000000000000000000000000E+04
    0.994843058288097381591796875000000000000000E-02    0.303884741210937500000000000000000000000000E+04
    0.101494016125798225402832031250000000000000E-01    0.306224609375000000000000000000000000000000E+04
    0.103544332087039947509765625000000000000000E-01    0.308508178710937500000000000000000000000000E+04
    0.105636063963174819946289062500000000000000E-01    0.310732373046875000000000000000000000000000E+04
    0.107770059257745742797851562500000000000000E-01    0.312894140625000000000000000000000000000000E+04
    0.109947146847844123840332031250000000000000E-01    0.314990307617187500000000000000000000000000E+04
    0.112168220803141593933105468750000000000000E-01    0.317017529296875000000000000000000000000000E+04
    0.114434175193309783935546875000000000000000E-01    0.318972363281250000000000000000000000000000E+04
    0.116745894774794578552246093750000000000000E-01    0.320851464843750000000000000000000000000000E+04
    0.119104310870170593261718750000000000000000E-01    0.322651367187500000000000000000000000000000E+04
    0.121510382741689682006835937500000000000000E-01    0.324368676757812500000000000000000000000000E+04
    0.123965051025152206420898437500000000000000E-01    0.325999755859375000000000000000000000000000E+04
    0.126469302922487258911132812500000000000000E-01    0.327540942382812500000000000000000000000000E+04
    0.129024153575301170349121093750000000000000E-01    0.328988647460937500000000000000000000000000E+04
    0.131630674004554748535156250000000000000000E-01    0.330339306640625000000000000000000000000000E+04
    0.134289795532822608947753906250000000000000E-01    0.331589355468750000000000000000000000000000E+04
    0.137002617120742797851562500000000000000000E-01    0.332735009765625000000000000000000000000000E+04
    0.139770256355404853820800781250000000000000E-01    0.333772631835937500000000000000000000000000E+04
    0.142593793570995330810546875000000000000000E-01    0.334698559570312500000000000000000000000000E+04
    0.145474374294281005859375000000000000000000E-01    0.335509252929687500000000000000000000000000E+04
    0.148413162678480148315429687500000000000000E-01    0.336201196289062500000000000000000000000000E+04
    0.151411294937133789062500000000000000000000E-01    0.336770776367187500000000000000000000000000E+04
    0.154470009729266166687011718750000000000000E-01    0.337214428710937500000000000000000000000000E+04
    0.157590489834547042846679687500000000000000E-01    0.337528808593750000000000000000000000000000E+04
    0.160774048417806625366210937500000000000000E-01    0.337710595703125000000000000000000000000000E+04
    0.164021886885166168212890625000000000000000E-01    0.337756616210937500000000000000000000000000E+04
    0.167335346341133117675781250000000000000000E-01    0.337663696289062500000000000000000000000000E+04
    0.170715730637311935424804687500000000000000E-01    0.337428857421875000000000000000000000000000E+04
    0.174164418131113052368164062500000000000000E-01    0.337049218750000000000000000000000000000000E+04
    0.177682787179946899414062500000000000000000E-01    0.336522192382812500000000000000000000000000E+04
    0.181272197514772415161132812500000000000000E-01    0.335845312500000000000000000000000000000000E+04
    0.184934139251708984375000000000000000000000E-01    0.335016308593750000000000000000000000000000E+04
    0.188670046627521514892578125000000000000000E-01    0.334033154296875000000000000000000000000000E+04
    0.192481447011232376098632812500000000000000E-01    0.332894042968750000000000000000000000000000E+04
    0.196369830518960952758789062500000000000000E-01    0.331597460937500000000000000000000000000000E+04
    0.200336743146181106567382812500000000000000E-01    0.330142236328125000000000000000000000000000E+04
    0.204383805394172668457031250000000000000000E-01    0.328527612304687500000000000000000000000000E+04
    0.208512637764215469360351562500000000000000E-01    0.326753100585937500000000000000000000000000E+04
    0.212724860757589340209960937500000000000000E-01    0.324818554687500000000000000000000000000000E+04
    0.217022281140089035034179687500000000000000E-01    0.322724096679687500000000000000000000000000E+04
    0.221406426280736923217773437500000000000000E-01    0.320470434570312500000000000000000000000000E+04
    0.225879121571779251098632812500000000000000E-01    0.318059057617187500000000000000000000000000E+04
    0.230442192405462265014648437500000000000000E-01    0.315491650390625000000000000000000000000000E+04
    0.235097426921129226684570312500000000000000E-01    0.312770336914062500000000000000000000000000E+04
    0.239846706390380859375000000000000000000000E-01    0.309897436523437500000000000000000000000000E+04
    0.244691912084817886352539062500000000000000E-01    0.306876196289062500000000000000000000000000E+04
    0.249635018408298492431640625000000000000000E-01    0.303710961914062500000000000000000000000000E+04
    0.254677981138229370117187500000000000000000E-01    0.300406250000000000000000000000000000000000E+04
    0.259822811931371688842773437500000000000000E-01    0.296966870117187500000000000000000000000000E+04
    0.265071578323841094970703125000000000000000E-01    0.293397827148437500000000000000000000000000E+04
    0.270426385104656219482421875000000000000000E-01    0.289705322265625000000000000000000000000000E+04
    0.275889337062835693359375000000000000000000E-01    0.285896875000000000000000000000000000000000E+04
    0.281462669372558593750000000000000000000000E-01    0.281980126953125000000000000000000000000000E+04
    0.287148579955101013183593750000000000000000E-01    0.277962670898437500000000000000000000000000E+04
    0.292949359863996505737304687500000000000000E-01    0.273852197265625000000000000000000000000000E+04
    0.298867337405681610107421875000000000000000E-01    0.269657934570312500000000000000000000000000E+04
    0.304904840886592864990234375000000000000000E-01    0.265390722656250000000000000000000000000000E+04
    0.311064328998327255249023437500000000000000E-01    0.261061083984375000000000000000000000000000E+04
    0.317348241806030273437500000000000000000000E-01    0.256679272460937500000000000000000000000000E+04
    0.323759093880653381347656250000000000000000E-01    0.252255273437500000000000000000000000000000E+04
    0.330299474298954010009765625000000000000000E-01    0.247800463867187500000000000000000000000000E+04
    0.336971953511238098144531250000000000000000E-01    0.243327270507812500000000000000000000000000E+04
    0.343779213726520538330078125000000000000000E-01    0.238847631835937500000000000000000000000000E+04
    0.350724011659622192382812500000000000000000E-01    0.234372729492187500000000000000000000000000E+04
    0.357809104025363922119140625000000000000000E-01    0.229913305664062500000000000000000000000000E+04
    0.365037508308887481689453125000000000000000E-01    0.225482202148437500000000000000000000000000E+04
    0.372411720454692840576171875000000000000000E-01    0.221093652343750000000000000000000000000000E+04
    0.379934944212436676025390625000000000000000E-01    0.216760888671875000000000000000000000000000E+04
    0.387610122561454772949218750000000000000000E-01    0.212496166992187500000000000000000000000000E+04
    0.395440347492694854736328125000000000000000E-01    0.208310546875000000000000000000000000000000E+04
    0.403428785502910614013671875000000000000000E-01    0.204212133789062500000000000000000000000000E+04
    0.411578565835952758789062500000000000000000E-01    0.200206701660156250000000000000000000000000E+04
    0.419893004000186920166015625000000000000000E-01    0.196299511718750000000000000000000000000000E+04
    0.428375415503978729248046875000000000000000E-01    0.192495239257812500000000000000000000000000E+04
    0.437029153108596801757812500000000000000000E-01    0.188798608398437500000000000000000000000000E+04
    0.445857718586921691894531250000000000000000E-01    0.185219799804687500000000000000000000000000E+04
    0.454864650964736938476562500000000000000000E-01    0.181771948242187500000000000000000000000000E+04
    0.464053489267826080322265625000000000000000E-01    0.178467163085937500000000000000000000000000E+04
    0.473427996039390563964843750000000000000000E-01    0.175316552734375000000000000000000000000000E+04
    0.482991859316825866699218750000000000000000E-01    0.172327478027343750000000000000000000000000E+04
    0.492748916149139404296875000000000000000000E-01    0.169490869140625000000000000000000000000000E+04
    0.502703115344047546386718750000000000000000E-01    0.166792871093750000000000000000000000000000E+04
    0.512858368456363677978515625000000000000000E-01    0.164220434570312500000000000000000000000000E+04
    0.523218810558319091796875000000000000000000E-01    0.161761254882812500000000000000000000000000E+04
    0.533788502216339111328125000000000000000000E-01    0.159403088378906250000000000000000000000000E+04
    0.544571764767169952392578125000000000000000E-01    0.157133752441406250000000000000000000000000E+04
    0.555572807788848876953125000000000000000000E-01    0.154941699218750000000000000000000000000000E+04
    0.566796138882637023925781250000000000000000E-01    0.152815905761718750000000000000000000000000E+04
    0.578246153891086578369140625000000000000000E-01    0.150743994140625000000000000000000000000000E+04
    0.589927472174167633056640625000000000000000E-01    0.148712536621093750000000000000000000000000E+04
    0.601844787597656250000000000000000000000000E-01    0.146708752441406250000000000000000000000000E+04
    0.614003166556358337402343750000000000000000E-01    0.144719348144531250000000000000000000000000E+04
    0.626406818628311157226562500000000000000000E-01    0.142724438476562500000000000000000000000000E+04
    0.639061108231544494628906250000000000000000E-01    0.140702246093750000000000000000000000000000E+04
    0.651970952749252319335937500000000000000000E-01    0.138632263183593750000000000000000000000000E+04
    0.665141642093658447265625000000000000000000E-01    0.136492626953125000000000000000000000000000E+04
    0.678578317165374755859375000000000000000000E-01    0.134259484863281250000000000000000000000000E+04
    0.692286565899848937988281250000000000000000E-01    0.131910778808593750000000000000000000000000E+04
    0.706271678209304809570312500000000000000000E-01    0.129427905273437500000000000000000000000000E+04
    0.720539242029190063476562500000000000000000E-01    0.126797717285156250000000000000000000000000E+04
    0.735095068812370300292968750000000000000000E-01    0.124009826660156250000000000000000000000000E+04
    0.749944970011711120605468750000000000000000E-01    0.121060754394531250000000000000000000000000E+04
    0.765094906091690063476562500000000000000000E-01    0.117961291503906250000000000000000000000000E+04
    0.780550837516784667968750000000000000000000E-01    0.114725085449218750000000000000000000000000E+04
    0.796318948268890380859375000000000000000000E-01    0.111370764160156250000000000000000000000000E+04
    0.812405645847320556640625000000000000000000E-01    0.107924670410156250000000000000000000000000E+04
    0.828817337751388549804687500000000000000000E-01    0.104413061523437500000000000000000000000000E+04
    0.845560505986213684082031250000000000000000E-01    0.100867114257812500000000000000000000000000E+04
    0.862641930580139160156250000000000000000000E-01    0.973206176757812500000000000000000000000000E+03
    0.880068466067314147949218750000000000000000E-01    0.938050048828125000000000000000000000000000E+03
    0.897847041487693786621093750000000000000000E-01    0.903519714355468750000000000000000000000000E+03
    0.915984734892845153808593750000000000000000E-01    0.869902282714843750000000000000000000000000E+03
    0.934488773345947265625000000000000000000000E-01    0.837492370605468750000000000000000000000000E+03
    0.953366756439208984375000000000000000000000E-01    0.806578735351562500000000000000000000000000E+03
    0.972625985741615295410156250000000000000000E-01    0.777404296875000000000000000000000000000000E+03
    0.992274358868598937988281250000000000000000E-01    0.750171875000000000000000000000000000000000E+03
    0.101232007145881652832031250000000000000000E+00    0.725052612304687500000000000000000000000000E+03
    0.103277020156383514404296875000000000000000E+00    0.702190307617187500000000000000000000000000E+03
    0.105363354086875915527343750000000000000000E+00    0.681673400878906250000000000000000000000000E+03
    0.107491828501224517822265625000000000000000E+00    0.663399963378906250000000000000000000000000E+03
    0.109663315117359161376953125000000000000000E+00    0.647222595214843750000000000000000000000000E+03
    0.111878655850887298583984375000000000000000E+00    0.632978332519531250000000000000000000000000E+03
    0.114138752222061157226562500000000000000000E+00    0.620327941894531250000000000000000000000000E+03
    0.116444505751132965087890625000000000000000E+00    0.608893981933593750000000000000000000000000E+03
    0.118796832859516143798828125000000000000000E+00    0.598293395996093750000000000000000000000000E+03
    0.121196687221527099609375000000000000000000E+00    0.588038818359375000000000000000000000000000E+03
    0.123645029962062835693359375000000000000000E+00    0.577645324707031250000000000000000000000000E+03
    0.126142814755439758300781250000000000000000E+00    0.566661743164062500000000000000000000000000E+03
    0.128691077232360839843750000000000000000000E+00    0.554673034667968750000000000000000000000000E+03
    0.131290808320045471191406250000000000000000E+00    0.541326965332031250000000000000000000000000E+03
    0.133943051099777221679687500000000000000000E+00    0.526479492187500000000000000000000000000000E+03
    0.136648878455162048339843750000000000000000E+00    0.510103973388671875000000000000000000000000E+03
    0.139409363269805908203125000000000000000000E+00    0.492337982177734375000000000000000000000000E+03
    0.142225623130798339843750000000000000000000E+00    0.473530242919921875000000000000000000000000E+03
    0.145098760724067687988281250000000000000000E+00    0.454056335449218750000000000000000000000000E+03
    0.148029953241348266601562500000000000000000E+00    0.434373962402343750000000000000000000000000E+03
    0.151020348072052001953125000000000000000000E+00    0.414921752929687500000000000000000000000000E+03
    0.154071167111396789550781250000000000000000E+00    0.396164672851562500000000000000000000000000E+03
    0.157183602452278137207031250000000000000000E+00    0.378531402587890625000000000000000000000000E+03
    0.160358920693397521972656250000000000000000E+00    0.362404388427734375000000000000000000000000E+03
    0.163598373532295227050781250000000000000000E+00    0.348104125976562500000000000000000000000000E+03
    0.166903272271156311035156250000000000000000E+00    0.335738250732421875000000000000000000000000E+03
    0.170275032520294189453125000000000000000000E+00    0.325268249511718750000000000000000000000000E+03
    0.173714801669120788574218750000000000000000E+00    0.316420196533203125000000000000000000000000E+03
    0.177224084734916687011718750000000000000000E+00    0.308790496826171875000000000000000000000000E+03
    0.180804237723350524902343750000000000000000E+00    0.301911682128906250000000000000000000000000E+03
    0.184456720948219299316406250000000000000000E+00    0.295308959960937500000000000000000000000000E+03
    0.188182994723320007324218750000000000000000E+00    0.288540222167968750000000000000000000000000E+03
    0.191984534263610839843750000000000000000000E+00    0.281214935302734375000000000000000000000000E+03
    0.195862874388694763183593750000000000000000E+00    0.273020019531250000000000000000000000000000E+03
    0.199819564819335937500000000000000000000000E+00    0.263820190429687500000000000000000000000000E+03
    0.203856185078620910644531250000000000000000E+00    0.253674560546875000000000000000000000000000E+03
    0.207974359393119812011718750000000000000000E+00    0.242888641357421875000000000000000000000000E+03
    0.212175697088241577148437500000000000000000E+00    0.231877059936523437500000000000000000000000E+03
    0.216461926698684692382812500000000000000000E+00    0.221096618652343750000000000000000000000000E+03
    0.220834761857986450195312500000000000000000E+00    0.210950607299804687500000000000000000000000E+03
    0.225295916199684143066406250000000000000000E+00    0.201758987426757812500000000000000000000000E+03
    0.229847192764282226562500000000000000000000E+00    0.193733139038085937500000000000000000000000E+03
    0.234490394592285156250000000000000000000000E+00    0.186903228759765625000000000000000000000000E+03
    0.239227414131164550781250000000000000000000E+00    0.181103363037109375000000000000000000000000E+03
    0.244060128927230834960937500000000000000000E+00    0.175992645263671875000000000000000000000000E+03
    0.248990446329116821289062500000000000000000E+00    0.171152725219726562500000000000000000000000E+03
    0.254020392894744873046875000000000000000000E+00    0.166213897705078125000000000000000000000000E+03
    0.259151935577392578125000000000000000000000E+00    0.160915527343750000000000000000000000000000E+03
    0.264387160539627075195312500000000000000000E+00    0.155137680053710937500000000000000000000000E+03
    0.269728124141693115234375000000000000000000E+00    0.148914962768554687500000000000000000000000E+03
    0.275177001953125000000000000000000000000000E+00    0.142438507080078125000000000000000000000000E+03
    0.280736058950424194335937500000000000000000E+00    0.136009048461914062500000000000000000000000E+03
    0.286407291889190673828125000000000000000000E+00    0.129941650390625000000000000000000000000000E+03
    0.292193114757537841796875000000000000000000E+00    0.124460479736328125000000000000000000000000E+03
    0.298095792531967163085937500000000000000000E+00    0.119635124206542968750000000000000000000000E+03
    0.304117560386657714843750000000000000000000E+00    0.115385040283203125000000000000000000000000E+03
    0.310261309146881103515625000000000000000000E+00    0.111529983520507812500000000000000000000000E+03
    0.316528826951980590820312500000000000000000E+00    0.107843795776367187500000000000000000000000E+03
    0.322923272848129272460937500000000000000000E+00    0.104107742309570312500000000000000000000000E+03
    0.329446613788604736328125000000000000000000E+00    0.100187515258789062500000000000000000000000E+03
    0.336102008819580078125000000000000000000000E+00    0.960917739868164062500000000000000000000000E+02
    0.342891573905944824218750000000000000000000E+00    0.919528121948242187500000000000000000000000E+02
    0.349818587303161621093750000000000000000000E+00    0.879496688842773437500000000000000000000000E+02
    0.356885224580764770507812500000000000000000E+00    0.842275848388671875000000000000000000000000E+02
    0.364094972610473632812500000000000000000000E+00    0.808459091186523437500000000000000000000000E+02
    0.371450334787368774414062500000000000000000E+00    0.777729644775390625000000000000000000000000E+02
    0.378953933715820312500000000000000000000000E+00    0.749044036865234375000000000000000000000000E+02
    0.386609494686126708984375000000000000000000E+00    0.721015014648437500000000000000000000000000E+02
    0.394419312477111816406250000000000000000000E+00    0.692755279541015625000000000000000000000000E+02
    0.402387291193008422851562500000000000000000E+00    0.664271011352539062500000000000000000000000E+02
    0.410515844821929931640625000000000000000000E+00    0.636058349609375000000000000000000000000000E+02
    0.418809026479721069335937500000000000000000E+00    0.608929405212402343750000000000000000000000E+02
    0.427269339561462402343750000000000000000000E+00    0.583600654602050781250000000000000000000000E+02
    0.435900926589965820312500000000000000000000E+00    0.560087356567382812500000000000000000000000E+02
    0.444706469774246215820312500000000000000000E+00    0.537922859191894531250000000000000000000000E+02
    0.453690379858016967773437500000000000000000E+00    0.516509399414062500000000000000000000000000E+02
    0.462855309247970581054687500000000000000000E+00    0.495388870239257812500000000000000000000000E+02
    0.472205787897109985351562500000000000000000E+00    0.474582595825195312500000000000000000000000E+02
    0.481744766235351562500000000000000000000000E+00    0.454425392150878906250000000000000000000000E+02
    0.491476893424987792968750000000000000000000E+00    0.435222434997558593750000000000000000000000E+02
    0.501405119895935058593750000000000000000000E+00    0.417115898132324218750000000000000000000000E+02
    0.511534392833709716796875000000000000000000E+00    0.399919662475585937500000000000000000000000E+02
    0.521867811679840087890625000000000000000000E+00    0.383342514038085937500000000000000000000000E+02
    0.532410502433776855468750000000000000000000E+00    0.367230377197265625000000000000000000000000E+02
    0.543165624141693115234375000000000000000000E+00    0.351577606201171875000000000000000000000000E+02
    0.554138541221618652343750000000000000000000E+00    0.336555404663085937500000000000000000000000E+02
    0.565332591533660888671875000000000000000000E+00    0.322240562438964843750000000000000000000000E+02
    0.576753377914428710937500000000000000000000E+00    0.308586616516113281250000000000000000000000E+02
    0.588404297828674316406250000000000000000000E+00    0.295486030578613281250000000000000000000000E+02
    0.600291073322296142578125000000000000000000E+00    0.282828617095947265625000000000000000000000E+02
    0.612418055534362792968750000000000000000000E+00    0.270639953613281250000000000000000000000000E+02
    0.624789416790008544921875000000000000000000E+00    0.258940200805664062500000000000000000000000E+02
    0.637411236763000488281250000000000000000000E+00    0.247750396728515625000000000000000000000000E+02
    0.650287508964538574218750000000000000000000E+00    0.237032260894775390625000000000000000000000E+02
    0.663424491882324218750000000000000000000000E+00    0.226755943298339843750000000000000000000000E+02
    0.676826238632202148437500000000000000000000E+00    0.216894245147705078125000000000000000000000E+02
    0.690499365329742431640625000000000000000000E+00    0.207426357269287109375000000000000000000000E+02
    0.704448044300079345703125000000000000000000E+00    0.198340740203857421875000000000000000000000E+02
    0.718679130077362060546875000000000000000000E+00    0.189626731872558593750000000000000000000000E+02
    0.733197033405303955078125000000000000000000E+00    0.181273384094238281250000000000000000000000E+02
    0.748008966445922851562500000000000000000000E+00    0.173267631530761718750000000000000000000000E+02
    0.763119339942932128906250000000000000000000E+00    0.165595169067382812500000000000000000000000E+02
    0.778535783290863037109375000000000000000000E+00    0.158242292404174804687500000000000000000000E+02
    0.794262826442718505859375000000000000000000E+00    0.151196002960205078125000000000000000000000E+02
    0.810308396816253662109375000000000000000000E+00    0.144444303512573242187500000000000000000000E+02
    0.826677322387695312500000000000000000000000E+00    0.137975816726684570312500000000000000000000E+02
    0.843377590179443359375000000000000000000000E+00    0.131779518127441406250000000000000000000000E+02
    0.860414624214172363281250000000000000000000E+00    0.125844907760620117187500000000000000000000E+02
    0.877796530723571777343750000000000000000000E+00    0.120161981582641601562500000000000000000000E+02
    0.895528674125671386718750000000000000000000E+00    0.114721097946166992187500000000000000000000E+02
    0.913619995117187500000000000000000000000000E+00    0.109512882232666015625000000000000000000000E+02
    0.932075977325439453125000000000000000000000E+00    0.104528150558471679687500000000000000000000E+02
    0.950905561447143554687500000000000000000000E+00    0.997579288482666015625000000000000000000000E+01
    0.970114648342132568359375000000000000000000E+00    0.951935958862304687500000000000000000000000E+01
    0.989712655544281005859375000000000000000000E+00    0.908269023895263671875000000000000000000000E+01
    0.100970673561096191406250000000000000000000E+01    0.866501712799072265625000000000000000000000E+01
    0.103010356426239013671875000000000000000000E+01    0.826560211181640625000000000000000000000000E+01
    0.105091357231140136718750000000000000000000E+01    0.788373041152954101562500000000000000000000E+01
    0.107214283943176269531250000000000000000000E+01    0.751871252059936523437500000000000000000000E+01
    0.109380209445953369140625000000000000000000E+01    0.716988515853881835937500000000000000000000E+01
    0.111589777469635009765625000000000000000000E+01    0.683662652969360351562500000000000000000000E+01
    0.113844096660614013671875000000000000000000E+01    0.651835107803344726562500000000000000000000E+01
    0.116143846511840820312500000000000000000000E+01    0.621448230743408203125000000000000000000000E+01
    0.118490159511566162109375000000000000000000E+01    0.592444610595703125000000000000000000000000E+01
    0.120883750915527343750000000000000000000000E+01    0.564768075942993164062500000000000000000000E+01
    0.123325824737548828125000000000000000000000E+01    0.538362550735473632812500000000000000000000E+01
    0.125817120075225830078125000000000000000000E+01    0.513172626495361328125000000000000000000000E+01
    0.128358840942382812500000000000000000000000E+01    0.489145374298095703125000000000000000000000E+01
    0.130951797962188720703125000000000000000000E+01    0.466231584548950195312500000000000000000000E+01
    0.133597266674041748046875000000000000000000E+01    0.444384002685546875000000000000000000000000E+01
    0.136296045780181884765625000000000000000000E+01    0.423554897308349609375000000000000000000000E+01
    0.139049470424652099609375000000000000000000E+01    0.403696346282958984375000000000000000000000E+01
    0.141858386993408203125000000000000000000000E+01    0.384762167930603027343750000000000000000000E+01
    0.144724178314208984375000000000000000000000E+01    0.366706252098083496093750000000000000000000E+01
    0.147647726535797119140625000000000000000000E+01    0.349484586715698242187500000000000000000000E+01
    0.150630474090576171875000000000000000000000E+01    0.333054494857788085937500000000000000000000E+01
    0.153673338890075683593750000000000000000000E+01    0.317374873161315917968750000000000000000000E+01
    0.156777822971343994140625000000000000000000E+01    0.302407264709472656250000000000000000000000E+01
    0.159944856166839599609375000000000000000000E+01    0.288116121292114257812500000000000000000000E+01
    0.163176035881042480468750000000000000000000E+01    0.274468278884887695312500000000000000000000E+01
    0.166472315788269042968750000000000000000000E+01    0.261433625221252441406250000000000000000000E+01
    0.169835364818572998046875000000000000000000E+01    0.248984766006469726562500000000000000000000E+01
    0.173266339302062988281250000000000000000000E+01    0.237096595764160156250000000000000000000000E+01
    0.176766479015350341796875000000000000000000E+01    0.225748801231384277343750000000000000000000E+01
    0.180337476730346679687500000000000000000000E+01    0.214922165870666503906250000000000000000000E+01
    0.183980441093444824218750000000000000000000E+01    0.204598236083984375000000000000000000000000E+01
    0.187697184085845947265625000000000000000000E+01    0.194759106636047363281250000000000000000000E+01
    0.191488826274871826171875000000000000000000E+01    0.185386347770690917968750000000000000000000E+01
    0.195357239246368408203125000000000000000000E+01    0.176459360122680664062500000000000000000000E+01
    0.199303627014160156250000000000000000000000E+01    0.167957663536071777343750000000000000000000E+01
    0.203329920768737792968750000000000000000000E+01    0.159859812259674072265625000000000000000000E+01
    0.207437348365783691406250000000000000000000E+01    0.152143788337707519531250000000000000000000E+01
    0.211627960205078125000000000000000000000000E+01    0.144789171218872070312500000000000000000000E+01
    0.215903019905090332031250000000000000000000E+01    0.137777721881866455078125000000000000000000E+01
    0.220264649391174316406250000000000000000000E+01    0.131092572212219238281250000000000000000000E+01
    0.224714183807373046875000000000000000000000E+01    0.124719953536987304687500000000000000000000E+01
    0.229253816604614257812500000000000000000000E+01    0.118648695945739746093750000000000000000000E+01
    0.233884930610656738281250000000000000000000E+01    0.112867426872253417968750000000000000000000E+01
    0.238609838485717773437500000000000000000000E+01    0.107363688945770263671875000000000000000000E+01
    0.243429946899414062500000000000000000000000E+01    0.102125072479248046875000000000000000000000E+01
    0.248347663879394531250000000000000000000000E+01    0.971380770206451416015625000000000000000000E+00
    0.253364515304565429687500000000000000000000E+01    0.923885047435760498046875000000000000000000E+00
    0.258482933044433593750000000000000000000000E+01    0.878636956214904785156250000000000000000000E+00
    0.263704490661621093750000000000000000000000E+01    0.835541903972625732421875000000000000000000E+00
    0.269031810760498046875000000000000000000000E+01    0.794513821601867675781250000000000000000000E+00
    0.274466466903686523437500000000000000000000E+01    0.755463600158691406250000000000000000000000E+00
    0.280011177062988281250000000000000000000000E+01    0.718300461769104003906250000000000000000000E+00
    0.285667920112609863281250000000000000000000E+01    0.682935297489166259765625000000000000000000E+00
    0.291438651084899902343750000000000000000000E+01    0.649276375770568847656250000000000000000000E+00
    0.297326231002807617187500000000000000000000E+01    0.617235839366912841796875000000000000000000E+00
    0.303332471847534179687500000000000000000000E+01    0.586738228797912597656250000000000000000000E+00
    0.309460353851318359375000000000000000000000E+01    0.557718753814697265625000000000000000000000E+00
    0.315711688995361328125000000000000000000000E+01    0.530112683773040771484375000000000000000000E+00
    0.322089648246765136718750000000000000000000E+01    0.503850460052490234375000000000000000000000E+00
    0.328596115112304687500000000000000000000000E+01    0.478864222764968872070312500000000000000000E+00
    0.335234355926513671875000000000000000000000E+01    0.455091893672943115234375000000000000000000E+00
    0.342006349563598632812500000000000000000000E+01    0.432476371526718139648437500000000000000000E+00
    0.348915529251098632812500000000000000000000E+01    0.410963445901870727539062500000000000000000E+00
    0.355963897705078125000000000000000000000000E+01    0.390502303838729858398437500000000000000000E+00
    0.363155031204223632812500000000000000000000E+01    0.371044456958770751953125000000000000000000E+00
    0.370491051673889160156250000000000000000000E+01    0.352541476488113403320312500000000000000000E+00
    0.377975654602050781250000000000000000000000E+01    0.334945470094680786132812500000000000000000E+00
    0.385611033439636230468750000000000000000000E+01    0.318211525678634643554687500000000000000000E+00
    0.393401122093200683593750000000000000000000E+01    0.302298933267593383789062500000000000000000E+00
    0.401348161697387695312500000000000000000000E+01    0.287169277667999267578125000000000000000000E+00
    0.409456062316894531250000000000000000000000E+01    0.272785335779190063476562500000000000000000E+00
    0.417727470397949218750000000000000000000000E+01    0.259111255407333374023437500000000000000000E+00
    0.426166296005249023437500000000000000000000E+01    0.246112689375877380371093750000000000000000E+00
    0.434775209426879882812500000000000000000000E+01    0.233756557106971740722656250000000000000000E+00
    0.443558454513549804687500000000000000000000E+01    0.222011357545852661132812500000000000000000E+00
    0.452518701553344726562500000000000000000000E+01    0.210847511887550354003906250000000000000000E+00
    0.461660432815551757812500000000000000000000E+01    0.200237199664115905761718750000000000000000E+00
    0.470986795425415039062500000000000000000000E+01    0.190153777599334716796875000000000000000000E+00
    0.480501127243041992187500000000000000000000E+01    0.180571392178535461425781250000000000000000E+00
    0.490208053588867187500000000000000000000000E+01    0.171465337276458740234375000000000000000000E+00
    0.500110673904418945312500000000000000000000E+01    0.162812307476997375488281250000000000000000E+00
    0.510213851928710937500000000000000000000000E+01    0.154590278863906860351562500000000000000000E+00
    0.520520591735839843750000000000000000000000E+01    0.146778240799903869628906250000000000000000E+00
    0.531036043167114257812500000000000000000000E+01    0.139356240630149841308593750000000000000000E+00
    0.541763401031494140625000000000000000000000E+01    0.132305175065994262695312500000000000000000E+00
    0.552708053588867187500000000000000000000000E+01    0.125606760382652282714843750000000000000000E+00
    0.563873195648193359375000000000000000000000E+01    0.119243450462818145751953125000000000000000E+00
    0.575264453887939453125000000000000000000000E+01    0.113198630511760711669921875000000000000000E+00
    0.586885261535644531250000000000000000000000E+01    0.107456810772418975830078125000000000000000E+00
    0.598741388320922851562500000000000000000000E+01    0.102003283798694610595703125000000000000000E+00
    0.610836458206176757812500000000000000000000E+01    0.968237817287445068359375000000000000000000E-01
    0.623176479339599609375000000000000000000000E+01    0.919044986367225646972656250000000000000000E-01
    0.635765171051025390625000000000000000000000E+01    0.872324034571647644042968750000000000000000E-01
    0.648608779907226562500000000000000000000000E+01    0.827953964471817016601562500000000000000000E-01
    0.661711215972900390625000000000000000000000E+01    0.785820037126541137695312500000000000000000E-01
    0.675078964233398437500000000000000000000000E+01    0.745811238884925842285156250000000000000000E-01
    0.688716173171997070312500000000000000000000E+01    0.707820132374763488769531250000000000000000E-01
    0.702629423141479492187500000000000000000000E+01    0.671745166182518005371093750000000000000000E-01
    0.716823101043701171875000000000000000000000E+01    0.637491866946220397949218750000000000000000E-01
    0.731304264068603515625000000000000000000000E+01    0.604970529675483703613281250000000000000000E-01
    0.746077251434326171875000000000000000000000E+01    0.574094615876674652099609375000000000000000E-01
    0.761149358749389648437500000000000000000000E+01    0.544780902564525604248046875000000000000000E-01
    0.776525211334228515625000000000000000000000E+01    0.516950562596321105957031250000000000000000E-01
    0.792212390899658203125000000000000000000000E+01    0.490530021488666534423828125000000000000000E-01
    0.808216571807861328125000000000000000000000E+01    0.465449430048465728759765625000000000000000E-01
    0.824543190002441406250000000000000000000000E+01    0.441641584038734436035156250000000000000000E-01
    0.841200447082519531250000000000000000000000E+01    0.419041812419891357421875000000000000000000E-01
    0.858193302154541015625000000000000000000000E+01    0.397588983178138732910156250000000000000000E-01
    0.875530433654785156250000000000000000000000E+01    0.377225726842880249023437500000000000000000E-01
    0.893216896057128906250000000000000000000000E+01    0.357897691428661346435546875000000000000000E-01
    0.911261463165283203125000000000000000000000E+01    0.339552797377109527587890625000000000000000E-01
    0.929669761657714843750000000000000000000000E+01    0.322141125798225402832031250000000000000000E-01
    0.948450660705566406250000000000000000000000E+01    0.305615477263927459716796875000000000000000E-01
    0.967610168457031250000000000000000000000000E+01    0.289931148290634155273437500000000000000000E-01
    0.987157726287841796875000000000000000000000E+01    0.275045838207006454467773437500000000000000E-01
    0.100709915161132812500000000000000000000000E+02    0.260919202119112014770507812500000000000000E-01
    0.102744436264038085937500000000000000000000E+02    0.247512925416231155395507812500000000000000E-01
    0.104819955825805664062500000000000000000000E+02    0.234790537506341934204101562500000000000000E-01
    0.106937503814697265625000000000000000000000E+02    0.222717262804508209228515625000000000000000E-01
    0.109097728729248046875000000000000000000000E+02    0.211260076612234115600585937500000000000000E-01
    0.111301708221435546875000000000000000000000E+02    0.200387816876173019409179687500000000000000E-01
    0.113550090789794921875000000000000000000000E+02    0.190071053802967071533203125000000000000000E-01
    0.115844011306762695312500000000000000000000E+02    0.180281717330217361450195312500000000000000E-01
    0.118184156417846679687500000000000000000000E+02    0.170992929488420486450195312500000000000000E-01
    0.120571689605712890625000000000000000000000E+02    0.162179116159677505493164062500000000000000E-01
    0.123007345199584960937500000000000000000000E+02    0.153816100209951400756835937500000000000000E-01
    0.125492305755615234375000000000000000000000E+02    0.145881054922938346862792968750000000000000E-01
    0.128027353286743164062500000000000000000000E+02    0.138352299109101295471191406250000000000000E-01
    0.130613737106323242187500000000000000000000E+02    0.131209185346961021423339843750000000000000E-01
    0.133252372741699218750000000000000000000000E+02    0.124432137235999107360839843750000000000000E-01
    0.135944185256958007812500000000000000000000E+02    0.118002491071820259094238281250000000000000E-01
    0.138690500259399414062500000000000000000000E+02    0.111902514472603797912597656250000000000000E-01
    0.141492166519165039062500000000000000000000E+02    0.106115387752652168273925781250000000000000E-01
    0.144350557327270507812500000000000000000000E+02    0.100625185295939445495605468750000000000000E-01
    0.147266559600830078125000000000000000000000E+02    0.954168103635311126708984375000000000000000E-02
    0.150241622924804687500000000000000000000000E+02    0.904759205877780914306640625000000000000000E-02
    0.153276624679565429687500000000000000000000E+02    0.857888814061880111694335937500000000000000E-02
    0.156373090744018554687500000000000000000000E+02    0.813427567481994628906250000000000000000000E-02
    0.159531946182250976562500000000000000000000E+02    0.771252298727631568908691406250000000000000E-02
    0.162754783630371093750000000000000000000000E+02    0.731246313080191612243652343750000000000000E-02
    0.166042575836181640625000000000000000000000E+02    0.693298736587166786193847656250000000000000E-02
    0.169396934509277343750000000000000000000000E+02    0.657304469496011734008789062500000000000000E-02
    0.172818889617919921875000000000000000000000E+02    0.623163767158985137939453125000000000000000E-02
    0.176310138702392578125000000000000000000000E+02    0.590781914070248603820800781250000000000000E-02
    0.179871768951416015625000000000000000000000E+02    0.560069130733609199523925781250000000000000E-02
    0.183505496978759765625000000000000000000000E+02    0.530940061435103416442871093750000000000000E-02
    0.187212448120117187500000000000000000000000E+02    0.503313681110739707946777343750000000000000E-02
    0.190994472503662109375000000000000000000000E+02    0.477113015949726104736328125000000000000000E-02
    0.194852733612060546875000000000000000000000E+02    0.452265096828341484069824218750000000000000E-02
    0.198789100646972656250000000000000000000000E+02    0.428700586780905723571777343750000000000000E-02
    0.202804813385009765625000000000000000000000E+02    0.406353827565908432006835937500000000000000E-02
    0.206901836395263671875000000000000000000000E+02    0.385162327438592910766601562500000000000000E-02
    0.211081428527832031250000000000000000000000E+02    0.365066900849342346191406250000000000000000E-02
    0.215345649719238281250000000000000000000000E+02    0.346011342480778694152832031250000000000000E-02
    0.219696025848388671875000000000000000000000E+02    0.327942217700183391571044921875000000000000E-02
    0.224134063720703125000000000000000000000000E+02    0.310808909125626087188720703125000000000000E-02
    0.228661975860595703125000000000000000000000E+02    0.294563383795320987701416015625000000000000E-02
    0.233281154632568359375000000000000000000000E+02    0.279160006903111934661865234375000000000000E-02
    0.237993831634521484375000000000000000000000E+02    0.264555471949279308319091796875000000000000E-02
    0.242801532745361328125000000000000000000000E+02    0.250708661042153835296630859375000000000000E-02
    0.247706546783447265625000000000000000000000E+02    0.237580621615052223205566406250000000000000E-02
    0.252710437774658203125000000000000000000000E+02    0.225134333595633506774902343750000000000000E-02
    0.257815628051757812500000000000000000000000E+02    0.213334732688963413238525390625000000000000E-02
    0.263023719787597656250000000000000000000000E+02    0.202148500829935073852539062500000000000000E-02
    0.268337268829345703125000000000000000000000E+02    0.191544042900204658508300781250000000000000E-02
    0.273757934570312500000000000000000000000000E+02    0.181491312105208635330200195312500000000000E-02
    0.279288311004638671875000000000000000000000E+02    0.171961833257228136062622070312500000000000E-02
    0.284930171966552734375000000000000000000000E+02    0.162928598001599311828613281250000000000000E-02
    0.290686283111572265625000000000000000000000E+02    0.154365983325988054275512695312500000000000E-02
    0.296558399200439453125000000000000000000000E+02    0.146249704994261264801025390625000000000000E-02
    0.302549400329589843750000000000000000000000E+02    0.138556689489632844924926757812500000000000E-02
    0.308661155700683593750000000000000000000000E+02    0.131265027448534965515136718750000000000000E-02
    0.314896678924560546875000000000000000000000E+02    0.124353950377553701400756835937500000000000E-02
    0.321257820129394531250000000000000000000000E+02    0.117803760804235935211181640625000000000000E-02
    0.327747840881347656250000000000000000000000E+02    0.111595774069428443908691406250000000000000E-02
    0.334368629455566406250000000000000000000000E+02    0.105712260119616985321044921875000000000000E-02
    0.341123466491699218750000000000000000000000E+02    0.100136396940797567367553710937500000000000E-02
    0.348014411926269531250000000000000000000000E+02    0.948522181715816259384155273437500000000000E-03
    0.355044975280761718750000000000000000000000E+02    0.898445956408977508544921875000000000000000E-03
    0.362217178344726562500000000000000000000000E+02    0.850991636980324983596801757812500000000000E-03
    0.369534606933593750000000000000000000000000E+02    0.806023133918642997741699218750000000000000E-03
    0.376999855041503906250000000000000000000000E+02    0.763411342632025480270385742187500000000000E-03
    0.384615592956542968750000000000000000000000E+02    0.723033794201910495758056640625000000000000E-03
    0.392385520935058593750000000000000000000000E+02    0.684774189721792936325073242187500000000000E-03
    0.400312004089355468750000000000000000000000E+02    0.648522400297224521636962890625000000000000E-03
    0.408399047851562500000000000000000000000000E+02    0.614173768553882837295532226562500000000000E-03
    0.416649055480957031250000000000000000000000E+02    0.581629225052893161773681640625000000000000E-03
    0.425066108703613281250000000000000000000000E+02    0.550794764421880245208740234375000000000000E-03
    0.433652801513671875000000000000000000000000E+02    0.521581212524324655532836914062500000000000E-03
    0.442413406372070312500000000000000000000000E+02    0.493904168251901865005493164062500000000000E-03
    0.451350479125976562500000000000000000000000E+02    0.467683334136381745338439941406250000000000E-03
    0.460468597412109375000000000000000000000000E+02    0.442842690972611308097839355468750000000000E-03
    0.469770469665527343750000000000000000000000E+02    0.419310177676379680633544921875000000000000E-03
    0.479260635375976562500000000000000000000000E+02    0.397017400246113538742065429687500000000000E-03
    0.488942108154296875000000000000000000000000E+02    0.375899631762877106666564941406250000000000E-03
    0.498819656372070312500000000000000000000000E+02    0.355895375832915306091308593750000000000000E-03
    0.508896217346191406250000000000000000000000E+02    0.336946395691484212875366210937500000000000E-03
    0.519176826477050781250000000000000000000000E+02    0.318997394060716032981872558593750000000000E-03
    0.529664611816406250000000000000000000000000E+02    0.301996071357280015945434570312500000000000E-03
    0.540364799499511718750000000000000000000000E+02    0.285892747342586517333984375000000000000000E-03
    0.551280593872070312500000000000000000000000E+02    0.270640390226617455482482910156250000000000E-03
    0.562417488098144531250000000000000000000000E+02    0.256194383837282657623291015625000000000000E-03
    0.573778800964355468750000000000000000000000E+02    0.242512367549352347850799560546875000000000E-03
    0.585370178222656250000000000000000000000000E+02    0.229554279940202832221984863281250000000000E-03
    0.597195167541503906250000000000000000000000E+02    0.217282111407257616519927978515625000000000E-03
    0.609259529113769531250000000000000000000000E+02    0.205659816856496036052703857421875000000000E-03
    0.621567726135253906250000000000000000000000E+02    0.194653242942877113819122314453125000000000E-03
    0.634123916625976562500000000000000000000000E+02    0.184230055310763418674468994140625000000000E-03
    0.646934356689453125000000000000000000000000E+02    0.174359549419023096561431884765625000000000E-03
    0.660002975463867187500000000000000000000000E+02    0.165012650541029870510101318359375000000000E-03
    0.673336257934570312500000000000000000000000E+02    0.156161797349341213703155517578125000000000E-03
    0.686938171386718750000000000000000000000000E+02    0.147780883708037436008453369140625000000000E-03
    0.700815582275390625000000000000000000000000E+02    0.139845127705484628677368164062500000000000E-03
    0.714972610473632812500000000000000000000000E+02    0.132331071654334664344787597656250000000000E-03
    0.729416351318359375000000000000000000000000E+02    0.125216480228118598461151123046875000000000E-03
    0.744151153564453125000000000000000000000000E+02    0.118480289529543370008468627929687500000000E-03
    0.759184341430664062500000000000000000000000E+02    0.112102527054958045482635498046875000000000E-03
    0.774520568847656250000000000000000000000000E+02    0.106064268038608133792877197265625000000000E-03
    0.790167236328125000000000000000000000000000E+02    0.100347599072847515344619750976562500000000E-03
    0.806129302978515625000000000000000000000000E+02    0.949355235206894576549530029296875000000000E-04
    0.822414550781250000000000000000000000000000E+02    0.898119396879337728023529052734375000000000E-04
    0.839028015136718750000000000000000000000000E+02    0.849616044433787465095520019531250000000000E-04
    0.855977935791015625000000000000000000000000E+02    0.803700531832873821258544921875000000000000E-04
    0.873269348144531250000000000000000000000000E+02    0.760235707275569438934326171875000000000000E-04
    0.890910949707031250000000000000000000000000E+02    0.719091622158885002136230468750000000000000E-04
    0.908908081054687500000000000000000000000000E+02    0.680145894875749945640563964843750000000000E-04
    0.927269744873046875000000000000000000000000E+02    0.643283128738403320312500000000000000000000E-04
    0.946001358032226562500000000000000000000000E+02    0.608392983849626034498214721679687500000000E-04
    0.965112304687500000000000000000000000000000E+02    0.575367739656940102577209472656250000000000E-04
    0.984608383178710937500000000000000000000000E+02    0.544105387234594672918319702148437500000000E-04
    0.100449920654296875000000000000000000000000E+03    0.514517560077365487813949584960937500000000E-04
    0.102479194641113281250000000000000000000000E+03    0.486527023895177990198135375976562500000000E-04
