    0.999999974737875163555145263671875000000000E-04    0.601335563659667968750000000000000000000000E+02
    0.102020130725577473640441894531250000000000E-03    0.612987937927246093750000000000000000000000E+02
    0.104081082099582999944686889648437500000000E-03    0.624865875244140625000000000000000000000000E+02
    0.106183659227099269628524780273437500000000E-03    0.636973800659179687500000000000000000000000E+02
    0.108328706119209527969360351562500000000000E-03    0.649316101074218750000000000000000000000000E+02
    0.110517095890827476978302001953125000000000E-03    0.661897354125976562500000000000000000000000E+02
    0.112749679828993976116180419921875000000000E-03    0.674722061157226562500000000000000000000000E+02
    0.115027374704368412494659423828125000000000E-03    0.687795028686523437500000000000000000000000E+02
    0.117351090011652559041976928710937500000000E-03    0.701120986938476562500000000000000000000000E+02
    0.119721727969590574502944946289062500000000E-03    0.714704818725585937500000000000000000000000E+02
    0.122140278108417987823486328125000000000000E-03    0.728551483154296875000000000000000000000000E+02
    0.124607671750709414482116699218750000000000E-03    0.742666168212890625000000000000000000000000E+02
    0.127124920254573225975036621093750000000000E-03    0.757053909301757812500000000000000000000000E+02
    0.129692998598329722881317138671875000000000E-03    0.771719970703125000000000000000000000000000E+02
    0.132312969071790575981140136718750000000000E-03    0.786669769287109375000000000000000000000000E+02
    0.134985879412852227687835693359375000000000E-03    0.801908798217773437500000000000000000000000E+02
    0.137712777359411120414733886718750000000000E-03    0.817442474365234375000000000000000000000000E+02
    0.140494754305109381675720214843750000000000E-03    0.833276596069335937500000000000000000000000E+02
    0.143332930747419595718383789062500000000000E-03    0.849416961669921875000000000000000000000000E+02
    0.146228456287644803524017333984375000000000E-03    0.865869369506835937500000000000000000000000E+02
    0.149182465975172817707061767578125000000000E-03    0.882639846801757812500000000000000000000000E+02
    0.152196153067052364349365234375000000000000E-03    0.899734573364257812500000000000000000000000E+02
    0.155270710820332169532775878906250000000000E-03    0.917159729003906250000000000000000000000000E+02
    0.158407390699721872806549072265625000000000E-03    0.934921722412109375000000000000000000000000E+02
    0.161607444169931113719940185546875000000000E-03    0.953026885986328125000000000000000000000000E+02
    0.164872122695669531822204589843750000000000E-03    0.971481933593750000000000000000000000000000E+02
    0.168202750501222908496856689453125000000000E-03    0.990293579101562500000000000000000000000000E+02
    0.171600666362792253494262695312500000000000E-03    0.100946853637695312500000000000000000000000E+03
    0.175067238160409033298492431640625000000000E-03    0.102901390075683593750000000000000000000000E+03
    0.178603833774104714393615722656250000000000E-03    0.104893669128417968750000000000000000000000E+03
    0.182211864739656448364257812500000000000000E-03    0.106924415588378906250000000000000000000000E+03
    0.185892800800502300262451171875000000000000E-03    0.108994361877441406250000000000000000000000E+03
    0.189648068044334650039672851562500000000000E-03    0.111104270935058593750000000000000000000000E+03
    0.193479223526082932949066162109375000000000E-03    0.113254898071289062500000000000000000000000E+03
    0.197387780644930899143218994140625000000000E-03    0.115447021484375000000000000000000000000000E+03
    0.201375267351977527141571044921875000000000E-03    0.117681434631347656250000000000000000000000E+03
    0.205443298909813165664672851562500000000000E-03    0.119958946228027343750000000000000000000000E+03
    0.209593548788689076900482177734375000000000E-03    0.122280387878417968750000000000000000000000E+03
    0.213827603147365152835845947265625000000000E-03    0.124646583557128906250000000000000000000000E+03
    0.218147222767584025859832763671875000000000E-03    0.127058387756347656250000000000000000000000E+03
    0.222554081119596958160400390625000000000000E-03    0.129516677856445312500000000000000000000000E+03
    0.227049968088977038860321044921875000000000E-03    0.132022323608398437500000000000000000000000E+03
    0.231636688113212585449218750000000000000000E-03    0.134576248168945312500000000000000000000000E+03
    0.236316060181707143783569335937500000000000E-03    0.137179351806640625000000000000000000000000E+03
    0.241089961491525173187255859375000000000000E-03    0.139832565307617187500000000000000000000000E+03
    0.245960312895476818084716796875000000000000E-03    0.142536834716796875000000000000000000000000E+03
    0.250929006142541766166687011718750000000000E-03    0.145293151855468750000000000000000000000000E+03
    0.255998136708512902259826660156250000000000E-03    0.148102493286132812500000000000000000000000E+03
    0.261169654550030827522277832031250000000000E-03    0.150965850830078125000000000000000000000000E+03
    0.266445596935227513313293457031250000000000E-03    0.153884246826171875000000000000000000000000E+03
    0.271828175755217671394348144531250000000000E-03    0.156858734130859375000000000000000000000000E+03
    0.277319486485794186592102050781250000000000E-03    0.159890365600585937500000000000000000000000E+03
    0.282921682810410857200622558593750000000000E-03    0.162980209350585937500000000000000000000000E+03
    0.288637093035504221916198730468750000000000E-03    0.166129379272460937500000000000000000000000E+03
    0.294467929052188992500305175781250000000000E-03    0.169338958740234375000000000000000000000000E+03
    0.300416606478393077850341796875000000000000E-03    0.172610122680664062500000000000000000000000E+03
    0.306485395412892103195190429687500000000000E-03    0.175943984985351562500000000000000000000000E+03
    0.312676827888935804367065429687500000000000E-03    0.179341751098632812500000000000000000000000E+03
    0.318993290420621633529663085937500000000000E-03    0.182804595947265625000000000000000000000000E+03
    0.325437402352690696716308593750000000000000E-03    0.186333740234375000000000000000000000000000E+03
    0.332011666614562273025512695312500000000000E-03    0.189930435180664062500000000000000000000000E+03
    0.338718760758638381958007812500000000000000E-03    0.193595932006835937500000000000000000000000E+03
    0.345561362337321043014526367187500000000000E-03    0.197331497192382812500000000000000000000000E+03
    0.352542119799181818962097167968750000000000E-03    0.201138442993164062500000000000000000000000E+03
    0.359663943527266383171081542968750000000000E-03    0.205018081665039062500000000000000000000000E+03
    0.366929627489298582077026367187500000000000E-03    0.208971771240234375000000000000000000000000E+03
    0.374342111172154545783996582031250000000000E-03    0.213000854492187500000000000000000000000000E+03
    0.381904304958879947662353515625000000000000E-03    0.217106750488281250000000000000000000000000E+03
    0.389619322959333658218383789062500000000000E-03    0.221290847778320312500000000000000000000000E+03
    0.397490162868052721023559570312500000000000E-03    0.225554580688476562500000000000000000000000E+03
    0.405519997002556920051574707031250000000000E-03    0.229899429321289062500000000000000000000000E+03
    0.413712026784196496009826660156250000000000E-03    0.234326858520507812500000000000000000000000E+03
    0.422069540945813059806823730468750000000000E-03    0.238838394165039062500000000000000000000000E+03
    0.430595915531739592552185058593750000000000E-03    0.243435546875000000000000000000000000000000E+03
    0.439294555690139532089233398437500000000000E-03    0.248119873046875000000000000000000000000000E+03
    0.448168895673006772994995117187500000000000E-03    0.252892959594726562500000000000000000000000E+03
    0.457222486147657036781311035156250000000000E-03    0.257756378173828125000000000000000000000000E+03
    0.466458965092897415161132812500000000000000E-03    0.262711791992187500000000000000000000000000E+03
    0.475882086902856826782226562500000000000000E-03    0.267760833740234375000000000000000000000000E+03
    0.485495547764003276824951171875000000000000E-03    0.272905181884765625000000000000000000000000E+03
    0.495303189381957054138183593750000000000000E-03    0.278146514892578125000000000000000000000000E+03
    0.505309028085321187973022460937500000000000E-03    0.283486602783203125000000000000000000000000E+03
    0.515516963787376880645751953125000000000000E-03    0.288927154541015625000000000000000000000000E+03
    0.525931071024388074874877929687500000000000E-03    0.294469970703125000000000000000000000000000E+03
    0.536555540747940540313720703125000000000000E-03    0.300116851806640625000000000000000000000000E+03
    0.547394680324941873550415039062500000000000E-03    0.305869598388671875000000000000000000000000E+03
    0.558452797122299671173095703125000000000000E-03    0.311730072021484375000000000000000000000000E+03
    0.569734314922243356704711914062500000000000E-03    0.317700164794921875000000000000000000000000E+03
    0.581243715714663267135620117187500000000000E-03    0.323781738281250000000000000000000000000000E+03
    0.592985597904771566390991210937500000000000E-03    0.329976776123046875000000000000000000000000E+03
    0.604964734520763158798217773437500000000000E-03    0.336287170410156250000000000000000000000000E+03
    0.617185782175511121749877929687500000000000E-03    0.342714935302734375000000000000000000000000E+03
    0.629653746727854013442993164062500000000000E-03    0.349262054443359375000000000000000000000000E+03
    0.642373692244291305541992187500000000000000E-03    0.355930541992187500000000000000000000000000E+03
    0.655350449960678815841674804687500000000000E-03    0.362722473144531250000000000000000000000000E+03
    0.668589433189481496810913085937500000000000E-03    0.369639892578125000000000000000000000000000E+03
    0.682095822412520647048950195312500000000000E-03    0.376684936523437500000000000000000000000000E+03
    0.695875030942261219024658203125000000000000E-03    0.383859680175781250000000000000000000000000E+03
    0.709932646714150905609130859375000000000000E-03    0.391166259765625000000000000000000000000000E+03
    0.724274199455976486206054687500000000000000E-03    0.398606903076171875000000000000000000000000E+03
    0.738905626349151134490966796875000000000000E-03    0.406183746337890625000000000000000000000000E+03
    0.753832457121461629867553710937500000000000E-03    0.413899047851562500000000000000000000000000E+03
    0.769060861784964799880981445312500000000000E-03    0.421755004882812500000000000000000000000000E+03
    0.784596893936395645141601562500000000000000E-03    0.429753906250000000000000000000000000000000E+03
    0.800446781795471906661987304687500000000000E-03    0.437898010253906250000000000000000000000000E+03
    0.816616869997233152389526367187500000000000E-03    0.446189575195312500000000000000000000000000E+03
    0.833113677799701690673828125000000000000000E-03    0.454630981445312500000000000000000000000000E+03
    0.849943608045578002929687500000000000000000E-03    0.463224578857421875000000000000000000000000E+03
    0.867113587446510791778564453125000000000000E-03    0.471972656250000000000000000000000000000000E+03
    0.884630659129470586776733398437500000000000E-03    0.480877624511718750000000000000000000000000E+03
    0.902501342352479696273803710937500000000000E-03    0.489941894531250000000000000000000000000000E+03
    0.920733029488474130630493164062500000000000E-03    0.499167877197265625000000000000000000000000E+03
    0.939333112910389900207519531250000000000000E-03    0.508557983398437500000000000000000000000000E+03
    0.958308868575841188430786132812500000000000E-03    0.518114685058593750000000000000000000000000E+03
    0.977667979896068572998046875000000000000000E-03    0.527840393066406250000000000000000000000000E+03
    0.997418188489973545074462890625000000000000E-03    0.537737548828125000000000000000000000000000E+03
    0.101756735239177942276000976562500000000000E-02    0.547808776855468750000000000000000000000000E+03
    0.103812362067401409149169921875000000000000E-02    0.558056396484375000000000000000000000000000E+03
    0.105909502599388360977172851562500000000000E-02    0.568483093261718750000000000000000000000000E+03
    0.108049006666988134384155273437500000000000E-02    0.579091247558593750000000000000000000000000E+03
    0.110231747385114431381225585937500000000000E-02    0.589883422851562500000000000000000000000000E+03
    0.112458574585616588592529296875000000000000E-02    0.600862182617187500000000000000000000000000E+03
    0.114730407949537038803100585937500000000000E-02    0.612030090332031250000000000000000000000000E+03
    0.117048120591789484024047851562500000000000E-02    0.623389587402343750000000000000000000000000E+03
    0.119412643834948539733886718750000000000000E-02    0.634943359375000000000000000000000000000000E+03
    0.121824943926185369491577148437500000000000E-02    0.646693847656250000000000000000000000000000E+03
    0.124285963829606771469116210937500000000000E-02    0.658643615722656250000000000000000000000000E+03
    0.126796704716980457305908203125000000000000E-02    0.670795227050781250000000000000000000000000E+03
    0.129358167760074138641357421875000000000000E-02    0.683151245117187500000000000000000000000000E+03
    0.131971365772187709808349609375000000000000E-02    0.695714172363281250000000000000000000000000E+03
    0.134637358132749795913696289062500000000000E-02    0.708486633300781250000000000000000000000000E+03
    0.137357215862721204757690429687500000000000E-02    0.721471069335937500000000000000000000000000E+03
    0.140132009983062744140625000000000000000000E-02    0.734669982910156250000000000000000000000000E+03
    0.142962858080863952636718750000000000000000E-02    0.748085937500000000000000000000000000000000E+03
    0.145850901026278734207153320312500000000000E-02    0.761721313476562500000000000000000000000000E+03
    0.148797314614057540893554687500000000000000E-02    0.775578613281250000000000000000000000000000E+03
    0.151803228072822093963623046875000000000000E-02    0.789660278320312500000000000000000000000000E+03
    0.154869852121919393539428710937500000000000E-02    0.803968688964843750000000000000000000000000E+03
    0.157998420763760805130004882812500000000000E-02    0.818506164550781250000000000000000000000000E+03
    0.161190202925354242324829101562500000000000E-02    0.833275024414062500000000000000000000000000E+03
    0.164446467533707618713378906250000000000000E-02    0.848277709960937500000000000000000000000000E+03
    0.167768495157361030578613281250000000000000E-02    0.863516357421875000000000000000000000000000E+03
    0.171157636214047670364379882812500000000000E-02    0.878993225097656250000000000000000000000000E+03
    0.174615241121500730514526367187500000000000E-02    0.894710388183593750000000000000000000000000E+03
    0.178142695222049951553344726562500000000000E-02    0.910669982910156250000000000000000000000000E+03
    0.181741418782621622085571289062500000000000E-02    0.926874084472656250000000000000000000000000E+03
    0.185412843711674213409423828125000000000000E-02    0.943324707031250000000000000000000000000000E+03
    0.189158413559198379516601562500000000000000E-02    0.960023681640625000000000000000000000000000E+03
    0.192979711573570966720581054687500000000000E-02    0.976972839355468750000000000000000000000000E+03
    0.196878169663250446319580078125000000000000E-02    0.994173950195312500000000000000000000000000E+03
    0.200855359435081481933593750000000000000000E-02    0.101162872314453125000000000000000000000000E+04
    0.204912899062037467956542968750000000000000E-02    0.102933874511718750000000000000000000000000E+04
    0.209052418358623981475830078125000000000000E-02    0.104730554199218750000000000000000000000000E+04
    0.213275570422410964965820312500000000000000E-02    0.106553039550781250000000000000000000000000E+04
    0.217583985067903995513916015625000000000000E-02    0.108401477050781250000000000000000000000000E+04
    0.221979478374123573303222656250000000000000E-02    0.110275976562500000000000000000000000000000E+04
    0.226463773287832736968994140625000000000000E-02    0.112176660156250000000000000000000000000000E+04
    0.231038639321923255920410156250000000000000E-02    0.114103613281250000000000000000000000000000E+04
    0.235705915838479995727539062500000000000000E-02    0.116056933593750000000000000000000000000000E+04
    0.240467488765716552734375000000000000000000E-02    0.118036682128906250000000000000000000000000E+04
    0.245325244031846523284912109375000000000000E-02    0.120042932128906250000000000000000000000000E+04
    0.250281183980405330657958984375000000000000E-02    0.122075732421875000000000000000000000000000E+04
    0.255337217822670936584472656250000000000000E-02    0.124135119628906250000000000000000000000000E+04
    0.260495371185243129730224609375000000000000E-02    0.126221105957031250000000000000000000000000E+04
    0.265757716260850429534912109375000000000000E-02    0.128333703613281250000000000000000000000000E+04
    0.271126371808350086212158203125000000000000E-02    0.130472900390625000000000000000000000000000E+04
    0.276603479869663715362548828125000000000000E-02    0.132638684082031250000000000000000000000000E+04
    0.282191229052841663360595703125000000000000E-02    0.134831005859375000000000000000000000000000E+04
    0.287891877815127372741699218750000000000000E-02    0.137049792480468750000000000000000000000000E+04
    0.293707661330699920654296875000000000000000E-02    0.139294970703125000000000000000000000000000E+04
    0.299640954472124576568603515625000000000000E-02    0.141566455078125000000000000000000000000000E+04
    0.305694085545837879180908203125000000000000E-02    0.143864123535156250000000000000000000000000E+04
    0.311869522556662559509277343750000000000000E-02    0.146187829589843750000000000000000000000000E+04
    0.318169780075550079345703125000000000000000E-02    0.148537414550781250000000000000000000000000E+04
    0.324597232975065708160400390625000000000000E-02    0.150912695312500000000000000000000000000000E+04
    0.331154512241482734680175781250000000000000E-02    0.153313464355468750000000000000000000000000E+04
    0.337844272144138813018798828125000000000000E-02    0.155739489746093750000000000000000000000000E+04
    0.344669190235435962677001953125000000000000E-02    0.158190527343750000000000000000000000000000E+04
    0.351631967350840568542480468750000000000000E-02    0.160666271972656250000000000000000000000000E+04
    0.358735374175012111663818359375000000000000E-02    0.163166442871093750000000000000000000000000E+04
    0.365982321090996265411376953125000000000000E-02    0.165690698242187500000000000000000000000000E+04
    0.373375625349581241607666015625000000000000E-02    0.168238671875000000000000000000000000000000E+04
    0.380918313749134540557861328125000000000000E-02    0.170809960937500000000000000000000000000000E+04
    0.388613343238830566406250000000000000000000E-02    0.173404138183593750000000000000000000000000E+04
    0.396463880315423011779785156250000000000000E-02    0.176020739746093750000000000000000000000000E+04
    0.404472928494215011596679687500000000000000E-02    0.178659277343750000000000000000000000000000E+04
    0.412643933668732643127441406250000000000000E-02    0.181319250488281250000000000000000000000000E+04
    0.420979922637343406677246093750000000000000E-02    0.184000085449218750000000000000000000000000E+04
    0.429484248161315917968750000000000000000000E-02    0.186701220703125000000000000000000000000000E+04
    0.438160402700304985046386718750000000000000E-02    0.189422033691406250000000000000000000000000E+04
    0.447011832147836685180664062500000000000000E-02    0.192161889648437500000000000000000000000000E+04
    0.456042028963565826416015625000000000000000E-02    0.194920043945312500000000000000000000000000E+04
    0.465254718437790870666503906250000000000000E-02    0.197695727539062500000000000000000000000000E+04
    0.474653439596295356750488281250000000000000E-02    0.200488073730468750000000000000000000000000E+04
    0.484242103993892669677734375000000000000000E-02    0.203296240234375000000000000000000000000000E+04
    0.494024436920881271362304687500000000000000E-02    0.206119311523437500000000000000000000000000E+04
    0.504004349932074546813964843750000000000000E-02    0.208956469726562500000000000000000000000000E+04
    0.514185894280672073364257812500000000000000E-02    0.211806933593750000000000000000000000000000E+04
    0.524573167786002159118652343750000000000000E-02    0.214669921875000000000000000000000000000000E+04
    0.535170361399650573730468750000000000000000E-02    0.217544604492187500000000000000000000000000E+04
    0.545981479808688163757324218750000000000000E-02    0.220430053710937500000000000000000000000000E+04
    0.557011039927601814270019531250000000000000E-02    0.223325000000000000000000000000000000000000E+04
    0.568263372406363487243652343750000000000000E-02    0.226227905273437500000000000000000000000000E+04
    0.579743087291717529296875000000000000000000E-02    0.229137133789062500000000000000000000000000E+04
    0.591454654932022094726562500000000000000000E-02    0.232051049804687500000000000000000000000000E+04
    0.603402825072407722473144531250000000000000E-02    0.234967993164062500000000000000000000000000E+04
    0.615592347458004951477050781250000000000000E-02    0.237886572265625000000000000000000000000000E+04
    0.628028111532330513000488281250000000000000E-02    0.240805517578125000000000000000000000000000E+04
    0.640715099871158599853515625000000000000000E-02    0.243723559570312500000000000000000000000000E+04
    0.653658434748649597167968750000000000000000E-02    0.246639428710937500000000000000000000000000E+04
    0.666863145306706428527832031250000000000000E-02    0.249551660156250000000000000000000000000000E+04
    0.680334679782390594482421875000000000000000E-02    0.252458471679687500000000000000000000000000E+04
    0.694078346714377403259277343750000000000000E-02    0.255357861328125000000000000000000000000000E+04
    0.708099640905857086181640625000000000000000E-02    0.258247705078125000000000000000000000000000E+04
    0.722404150292277336120605468750000000000000E-02    0.261125903320312500000000000000000000000000E+04
    0.736997742205858230590820312500000000000000E-02    0.263990283203125000000000000000000000000000E+04
    0.751886051148176193237304687500000000000000E-02    0.266838989257812500000000000000000000000000E+04
    0.767075084149837493896484375000000000000000E-02    0.269670190429687500000000000000000000000000E+04
    0.782571360468864440917968750000000000000000E-02    0.272482080078125000000000000000000000000000E+04
    0.798380374908447265625000000000000000000000E-02    0.275272778320312500000000000000000000000000E+04
    0.814508739858865737915039062500000000000000E-02    0.278040332031250000000000000000000000000000E+04
    0.830962881445884704589843750000000000000000E-02    0.280782421875000000000000000000000000000000E+04
    0.847749505192041397094726562500000000000000E-02    0.283496508789062500000000000000000000000000E+04
    0.864875130355358123779296875000000000000000E-02    0.286180102539062500000000000000000000000000E+04
    0.882346741855144500732421875000000000000000E-02    0.288830590820312500000000000000000000000000E+04
    0.900171231478452682495117187500000000000000E-02    0.291445385742187500000000000000000000000000E+04
    0.918355956673622131347656250000000000000000E-02    0.294021630859375000000000000000000000000000E+04
    0.936907902359962463378906250000000000000000E-02    0.296556469726562500000000000000000000000000E+04
    0.955834705382585525512695312500000000000000E-02    0.299046972656250000000000000000000000000000E+04
    0.975143909454345703125000000000000000000000E-02    0.301490234375000000000000000000000000000000E+04
    0.994843058288097381591796875000000000000000E-02    0.303883251953125000000000000000000000000000E+04
    0.101494016125798225402832031250000000000000E-01    0.306222998046875000000000000000000000000000E+04
    0.103544332087039947509765625000000000000000E-01    0.308506469726562500000000000000000000000000E+04
    0.105636063963174819946289062500000000000000E-01    0.310730566406250000000000000000000000000000E+04
    0.107770059257745742797851562500000000000000E-01    0.312892236328125000000000000000000000000000E+04
    0.109947146847844123840332031250000000000000E-01    0.314988330078125000000000000000000000000000E+04
    0.112168220803141593933105468750000000000000E-01    0.317015502929687500000000000000000000000000E+04
    0.114434175193309783935546875000000000000000E-01    0.318970288085937500000000000000000000000000E+04
    0.116745894774794578552246093750000000000000E-01    0.320849291992187500000000000000000000000000E+04
    0.119104310870170593261718750000000000000000E-01    0.322649096679687500000000000000000000000000E+04
    0.121510382741689682006835937500000000000000E-01    0.324366235351562500000000000000000000000000E+04
    0.123965051025152206420898437500000000000000E-01    0.325997119140625000000000000000000000000000E+04
    0.126469302922487258911132812500000000000000E-01    0.327538134765625000000000000000000000000000E+04
    0.129024153575301170349121093750000000000000E-01    0.328985693359375000000000000000000000000000E+04
    0.131630674004554748535156250000000000000000E-01    0.330336254882812500000000000000000000000000E+04
    0.134289795532822608947753906250000000000000E-01    0.331586254882812500000000000000000000000000E+04
    0.137002617120742797851562500000000000000000E-01    0.332731933593750000000000000000000000000000E+04
    0.139770256355404853820800781250000000000000E-01    0.333769531250000000000000000000000000000000E+04
    0.142593793570995330810546875000000000000000E-01    0.334695410156250000000000000000000000000000E+04
    0.145474374294281005859375000000000000000000E-01    0.335505932617187500000000000000000000000000E+04
    0.148413162678480148315429687500000000000000E-01    0.336197583007812500000000000000000000000000E+04
    0.151411294937133789062500000000000000000000E-01    0.336766772460937500000000000000000000000000E+04
    0.154470009729266166687011718750000000000000E-01    0.337210034179687500000000000000000000000000E+04
    0.157590489834547042846679687500000000000000E-01    0.337523974609375000000000000000000000000000E+04
    0.160774048417806625366210937500000000000000E-01    0.337705395507812500000000000000000000000000E+04
    0.164021886885166168212890625000000000000000E-01    0.337751123046875000000000000000000000000000E+04
    0.167335346341133117675781250000000000000000E-01    0.337657983398437500000000000000000000000000E+04
    0.170715730637311935424804687500000000000000E-01    0.337422949218750000000000000000000000000000E+04
    0.174164418131113052368164062500000000000000E-01    0.337043164062500000000000000000000000000000E+04
    0.177682787179946899414062500000000000000000E-01    0.336515966796875000000000000000000000000000E+04
    0.181272197514772415161132812500000000000000E-01    0.335838940429687500000000000000000000000000E+04
    0.184934139251708984375000000000000000000000E-01    0.335009838867187500000000000000000000000000E+04
    0.188670046627521514892578125000000000000000E-01    0.334026586914062500000000000000000000000000E+04
    0.192481447011232376098632812500000000000000E-01    0.332887451171875000000000000000000000000000E+04
    0.196369830518960952758789062500000000000000E-01    0.331590917968750000000000000000000000000000E+04
    0.200336743146181106567382812500000000000000E-01    0.330135766601562500000000000000000000000000E+04
    0.204383805394172668457031250000000000000000E-01    0.328521215820312500000000000000000000000000E+04
    0.208512637764215469360351562500000000000000E-01    0.326746728515625000000000000000000000000000E+04
    0.212724860757589340209960937500000000000000E-01    0.324812109375000000000000000000000000000000E+04
    0.217022281140089035034179687500000000000000E-01    0.322717431640625000000000000000000000000000E+04
    0.221406426280736923217773437500000000000000E-01    0.320463403320312500000000000000000000000000E+04
    0.225879121571779251098632812500000000000000E-01    0.318051513671875000000000000000000000000000E+04
    0.230442192405462265014648437500000000000000E-01    0.315483569335937500000000000000000000000000E+04
    0.235097426921129226684570312500000000000000E-01    0.312761694335937500000000000000000000000000E+04
    0.239846706390380859375000000000000000000000E-01    0.309888305664062500000000000000000000000000E+04
    0.244691912084817886352539062500000000000000E-01    0.306866650390625000000000000000000000000000E+04
    0.249635018408298492431640625000000000000000E-01    0.303701049804687500000000000000000000000000E+04
    0.254677981138229370117187500000000000000000E-01    0.300396069335937500000000000000000000000000E+04
    0.259822811931371688842773437500000000000000E-01    0.296956494140625000000000000000000000000000E+04
    0.265071578323841094970703125000000000000000E-01    0.293387329101562500000000000000000000000000E+04
    0.270426385104656219482421875000000000000000E-01    0.289694726562500000000000000000000000000000E+04
    0.275889337062835693359375000000000000000000E-01    0.285886230468750000000000000000000000000000E+04
    0.281462669372558593750000000000000000000000E-01    0.281969409179687500000000000000000000000000E+04
    0.287148579955101013183593750000000000000000E-01    0.277951831054687500000000000000000000000000E+04
    0.292949359863996505737304687500000000000000E-01    0.273841186523437500000000000000000000000000E+04
    0.298867337405681610107421875000000000000000E-01    0.269646704101562500000000000000000000000000E+04
    0.304904840886592864990234375000000000000000E-01    0.265379199218750000000000000000000000000000E+04
    0.311064328998327255249023437500000000000000E-01    0.261049267578125000000000000000000000000000E+04
    0.317348241806030273437500000000000000000000E-01    0.256667187500000000000000000000000000000000E+04
    0.323759093880653381347656250000000000000000E-01    0.252242895507812500000000000000000000000000E+04
    0.330299474298954010009765625000000000000000E-01    0.247787841796875000000000000000000000000000E+04
    0.336971953511238098144531250000000000000000E-01    0.243314453125000000000000000000000000000000E+04
    0.343779213726520538330078125000000000000000E-01    0.238834643554687500000000000000000000000000E+04
    0.350724011659622192382812500000000000000000E-01    0.234359619140625000000000000000000000000000E+04
    0.357809104025363922119140625000000000000000E-01    0.229900122070312500000000000000000000000000E+04
    0.365037508308887481689453125000000000000000E-01    0.225468945312500000000000000000000000000000E+04
    0.372411720454692840576171875000000000000000E-01    0.221080346679687500000000000000000000000000E+04
    0.379934944212436676025390625000000000000000E-01    0.216747485351562500000000000000000000000000E+04
    0.387610122561454772949218750000000000000000E-01    0.212482617187500000000000000000000000000000E+04
    0.395440347492694854736328125000000000000000E-01    0.208296777343750000000000000000000000000000E+04
    0.403428785502910614013671875000000000000000E-01    0.204198046875000000000000000000000000000000E+04
    0.411578565835952758789062500000000000000000E-01    0.200192309570312500000000000000000000000000E+04
    0.419893004000186920166015625000000000000000E-01    0.196284851074218750000000000000000000000000E+04
    0.428375415503978729248046875000000000000000E-01    0.192480407714843750000000000000000000000000E+04
    0.437029153108596801757812500000000000000000E-01    0.188783740234375000000000000000000000000000E+04
    0.445857718586921691894531250000000000000000E-01    0.185204931640625000000000000000000000000000E+04
    0.454864650964736938476562500000000000000000E-01    0.181756994628906250000000000000000000000000E+04
    0.464053489267826080322265625000000000000000E-01    0.178451928710937500000000000000000000000000E+04
    0.473427996039390563964843750000000000000000E-01    0.175300732421875000000000000000000000000000E+04
    0.482991859316825866699218750000000000000000E-01    0.172310717773437500000000000000000000000000E+04
    0.492748916149139404296875000000000000000000E-01    0.169473181152343750000000000000000000000000E+04
    0.502703115344047546386718750000000000000000E-01    0.166774670410156250000000000000000000000000E+04
    0.512858368456363677978515625000000000000000E-01    0.164202600097656250000000000000000000000000E+04
    0.523218810558319091796875000000000000000000E-01    0.161745092773437500000000000000000000000000E+04
    0.533788502216339111328125000000000000000000E-01    0.159390979003906250000000000000000000000000E+04
    0.544571764767169952392578125000000000000000E-01    0.157129724121093750000000000000000000000000E+04
    0.555572807788848876953125000000000000000000E-01    0.154951367187500000000000000000000000000000E+04
    0.566796138882637023925781250000000000000000E-01    0.152846166992187500000000000000000000000000E+04
    0.578246153891086578369140625000000000000000E-01    0.150798962402343750000000000000000000000000E+04
    0.589927472174167633056640625000000000000000E-01    0.148790197753906250000000000000000000000000E+04
    0.601844787597656250000000000000000000000000E-01    0.146801098632812500000000000000000000000000E+04
    0.614003166556358337402343750000000000000000E-01    0.144813500976562500000000000000000000000000E+04
    0.626406818628311157226562500000000000000000E-01    0.142807971191406250000000000000000000000000E+04
    0.639061108231544494628906250000000000000000E-01    0.140765222167968750000000000000000000000000E+04
    0.651970952749252319335937500000000000000000E-01    0.138667150878906250000000000000000000000000E+04
    0.665141642093658447265625000000000000000000E-01    0.136495324707031250000000000000000000000000E+04
    0.678578317165374755859375000000000000000000E-01    0.134230627441406250000000000000000000000000E+04
    0.692286565899848937988281250000000000000000E-01    0.131855529785156250000000000000000000000000E+04
    0.706271678209304809570312500000000000000000E-01    0.129354748535156250000000000000000000000000E+04
    0.720539242029190063476562500000000000000000E-01    0.126715930175781250000000000000000000000000E+04
    0.735095068812370300292968750000000000000000E-01    0.123929003906250000000000000000000000000000E+04
    0.749944970011711120605468750000000000000000E-01    0.120989892578125000000000000000000000000000E+04
    0.765094906091690063476562500000000000000000E-01    0.117906628417968750000000000000000000000000E+04
    0.780550837516784667968750000000000000000000E-01    0.114689941406250000000000000000000000000000E+04
    0.796318948268890380859375000000000000000000E-01    0.111355395507812500000000000000000000000000E+04
    0.812405645847320556640625000000000000000000E-01    0.107925939941406250000000000000000000000000E+04
    0.828817337751388549804687500000000000000000E-01    0.104424890136718750000000000000000000000000E+04
    0.845560505986213684082031250000000000000000E-01    0.100881903076171875000000000000000000000000E+04
    0.862641930580139160156250000000000000000000E-01    0.973304016113281250000000000000000000000000E+03
    0.880068466067314147949218750000000000000000E-01    0.938025512695312500000000000000000000000000E+03
    0.897847041487693786621093750000000000000000E-01    0.903343566894531250000000000000000000000000E+03
    0.915984734892845153808593750000000000000000E-01    0.869590637207031250000000000000000000000000E+03
    0.934488773345947265625000000000000000000000E-01    0.837086914062500000000000000000000000000000E+03
    0.953366756439208984375000000000000000000000E-01    0.806132202148437500000000000000000000000000E+03
    0.972625985741615295410156250000000000000000E-01    0.776978149414062500000000000000000000000000E+03
    0.992274358868598937988281250000000000000000E-01    0.749824279785156250000000000000000000000000E+03
    0.101232007145881652832031250000000000000000E+00    0.724810974121093750000000000000000000000000E+03
    0.103277020156383514404296875000000000000000E+00    0.702050476074218750000000000000000000000000E+03
    0.105363354086875915527343750000000000000000E+00    0.681606140136718750000000000000000000000000E+03
    0.107491828501224517822265625000000000000000E+00    0.663364501953125000000000000000000000000000E+03
    0.109663315117359161376953125000000000000000E+00    0.647171264648437500000000000000000000000000E+03
    0.111878655850887298583984375000000000000000E+00    0.632861267089843750000000000000000000000000E+03
    0.114138752222061157226562500000000000000000E+00    0.620117919921875000000000000000000000000000E+03
    0.116444505751132965087890625000000000000000E+00    0.608593444824218750000000000000000000000000E+03
    0.118796832859516143798828125000000000000000E+00    0.597929443359375000000000000000000000000000E+03
    0.121196687221527099609375000000000000000000E+00    0.587650634765625000000000000000000000000000E+03
    0.123645029962062835693359375000000000000000E+00    0.577280822753906250000000000000000000000000E+03
    0.126142814755439758300781250000000000000000E+00    0.566360107421875000000000000000000000000000E+03
    0.128691077232360839843750000000000000000000E+00    0.554439392089843750000000000000000000000000E+03
    0.131290808320045471191406250000000000000000E+00    0.541134826660156250000000000000000000000000E+03
    0.133943051099777221679687500000000000000000E+00    0.526292236328125000000000000000000000000000E+03
    0.136648878455162048339843750000000000000000E+00    0.509885803222656250000000000000000000000000E+03
    0.139409363269805908203125000000000000000000E+00    0.492066162109375000000000000000000000000000E+03
    0.142225623130798339843750000000000000000000E+00    0.473211059570312500000000000000000000000000E+03
    0.145098760724067687988281250000000000000000E+00    0.453717681884765625000000000000000000000000E+03
    0.148029953241348266601562500000000000000000E+00    0.434043548583984375000000000000000000000000E+03
    0.151020348072052001953125000000000000000000E+00    0.414620544433593750000000000000000000000000E+03
    0.154071167111396789550781250000000000000000E+00    0.395894775390625000000000000000000000000000E+03
    0.157183602452278137207031250000000000000000E+00    0.378274871826171875000000000000000000000000E+03
    0.160358920693397521972656250000000000000000E+00    0.362141265869140625000000000000000000000000E+03
    0.163598373532295227050781250000000000000000E+00    0.347822265625000000000000000000000000000000E+03
    0.166903272271156311035156250000000000000000E+00    0.335436523437500000000000000000000000000000E+03
    0.170275032520294189453125000000000000000000E+00    0.324957214355468750000000000000000000000000E+03
    0.173714801669120788574218750000000000000000E+00    0.316110809326171875000000000000000000000000E+03
    0.177224084734916687011718750000000000000000E+00    0.308487762451171875000000000000000000000000E+03
    0.180804237723350524902343750000000000000000E+00    0.301613494873046875000000000000000000000000E+03
    0.184456720948219299316406250000000000000000E+00    0.295007568359375000000000000000000000000000E+03
    0.188182994723320007324218750000000000000000E+00    0.288230651855468750000000000000000000000000E+03
    0.191984534263610839843750000000000000000000E+00    0.280895690917968750000000000000000000000000E+03
    0.195862874388694763183593750000000000000000E+00    0.272690979003906250000000000000000000000000E+03
    0.199819564819335937500000000000000000000000E+00    0.263482910156250000000000000000000000000000E+03
    0.203856185078620910644531250000000000000000E+00    0.253332977294921875000000000000000000000000E+03
    0.207974359393119812011718750000000000000000E+00    0.242548095703125000000000000000000000000000E+03
    0.212175697088241577148437500000000000000000E+00    0.231540512084960937500000000000000000000000E+03
    0.216461926698684692382812500000000000000000E+00    0.220759857177734375000000000000000000000000E+03
    0.220834761857986450195312500000000000000000E+00    0.210605926513671875000000000000000000000000E+03
    0.225295916199684143066406250000000000000000E+00    0.201402114868164062500000000000000000000000E+03
    0.229847192764282226562500000000000000000000E+00    0.193370544433593750000000000000000000000000E+03
    0.234490394592285156250000000000000000000000E+00    0.186543853759765625000000000000000000000000E+03
    0.239227414131164550781250000000000000000000E+00    0.180746994018554687500000000000000000000000E+03
    0.244060128927230834960937500000000000000000E+00    0.175625610351562500000000000000000000000000E+03
    0.248990446329116821289062500000000000000000E+00    0.170765991210937500000000000000000000000000E+03
    0.254020392894744873046875000000000000000000E+00    0.165814208984375000000000000000000000000000E+03
    0.259151935577392578125000000000000000000000E+00    0.160515899658203125000000000000000000000000E+03
    0.264387160539627075195312500000000000000000E+00    0.154738784790039062500000000000000000000000E+03
    0.269728124141693115234375000000000000000000E+00    0.148503311157226562500000000000000000000000E+03
    0.275177001953125000000000000000000000000000E+00    0.142009963989257812500000000000000000000000E+03
    0.280736058950424194335937500000000000000000E+00    0.135575164794921875000000000000000000000000E+03
    0.286407291889190673828125000000000000000000E+00    0.129510543823242187500000000000000000000000E+03
    0.292193114757537841796875000000000000000000E+00    0.124022361755371093750000000000000000000000E+03
    0.298095792531967163085937500000000000000000E+00    0.119178146362304687500000000000000000000000E+03
    0.304117560386657714843750000000000000000000E+00    0.114915390014648437500000000000000000000000E+03
    0.310261309146881103515625000000000000000000E+00    0.111055511474609375000000000000000000000000E+03
    0.316528826951980590820312500000000000000000E+00    0.107358268737792968750000000000000000000000E+03
    0.322923272848129272460937500000000000000000E+00    0.103602233886718750000000000000000000000000E+03
    0.329446613788604736328125000000000000000000E+00    0.996687622070312500000000000000000000000000E+02
    0.336102008819580078125000000000000000000000E+00    0.955653686523437500000000000000000000000000E+02
    0.342891573905944824218750000000000000000000E+00    0.914127960205078125000000000000000000000000E+02
    0.349818587303161621093750000000000000000000E+00    0.873930969238281250000000000000000000000000E+02
    0.356885224580764770507812500000000000000000E+00    0.836584167480468750000000000000000000000000E+02
    0.364094972610473632812500000000000000000000E+00    0.802627182006835937500000000000000000000000E+02
    0.371450334787368774414062500000000000000000E+00    0.771715316772460937500000000000000000000000E+02
    0.378953933715820312500000000000000000000000E+00    0.742840270996093750000000000000000000000000E+02
    0.386609494686126708984375000000000000000000E+00    0.714628524780273437500000000000000000000000E+02
    0.394419312477111816406250000000000000000000E+00    0.686181869506835937500000000000000000000000E+02
    0.402387291193008422851562500000000000000000E+00    0.657492904663085937500000000000000000000000E+02
    0.410515844821929931640625000000000000000000E+00    0.629077606201171875000000000000000000000000E+02
    0.418809026479721069335937500000000000000000E+00    0.601757202148437500000000000000000000000000E+02
    0.427269339561462402343750000000000000000000E+00    0.576200141906738281250000000000000000000000E+02
    0.435900926589965820312500000000000000000000E+00    0.552441215515136718750000000000000000000000E+02
    0.444706469774246215820312500000000000000000E+00    0.530050582885742187500000000000000000000000E+02
    0.453690379858016967773437500000000000000000E+00    0.508361091613769531250000000000000000000000E+02
    0.462855309247970581054687500000000000000000E+00    0.486972770690917968750000000000000000000000E+02
    0.472205787897109985351562500000000000000000E+00    0.465912666320800781250000000000000000000000E+02
    0.481744766235351562500000000000000000000000E+00    0.445452575683593750000000000000000000000000E+02
    0.491476893424987792968750000000000000000000E+00    0.425971870422363281250000000000000000000000E+02
    0.501405119895935058593750000000000000000000E+00    0.407552299499511718750000000000000000000000E+02
    0.511534392833709716796875000000000000000000E+00    0.390030021667480468750000000000000000000000E+02
    0.521867811679840087890625000000000000000000E+00    0.373129348754882812500000000000000000000000E+02
    0.532410502433776855468750000000000000000000E+00    0.356662483215332031250000000000000000000000E+02
    0.543165624141693115234375000000000000000000E+00    0.340666999816894531250000000000000000000000E+02
    0.554138541221618652343750000000000000000000E+00    0.325274658203125000000000000000000000000000E+02
    0.565332591533660888671875000000000000000000E+00    0.310584468841552734375000000000000000000000E+02
    0.576753377914428710937500000000000000000000E+00    0.296539421081542968750000000000000000000000E+02
    0.588404297828674316406250000000000000000000E+00    0.283033313751220703125000000000000000000000E+02
    0.600291073322296142578125000000000000000000E+00    0.269965744018554687500000000000000000000000E+02
    0.612418055534362792968750000000000000000000E+00    0.257348842620849609375000000000000000000000E+02
    0.624789416790008544921875000000000000000000E+00    0.245219345092773437500000000000000000000000E+02
    0.637411236763000488281250000000000000000000E+00    0.233587932586669921875000000000000000000000E+02
    0.650287508964538574218750000000000000000000E+00    0.222412662506103515625000000000000000000000E+02
    0.663424491882324218750000000000000000000000E+00    0.211667366027832031250000000000000000000000E+02
    0.676826238632202148437500000000000000000000E+00    0.201328659057617187500000000000000000000000E+02
    0.690499365329742431640625000000000000000000E+00    0.191378326416015625000000000000000000000000E+02
    0.704448044300079345703125000000000000000000E+00    0.181805095672607421875000000000000000000000E+02
    0.718679130077362060546875000000000000000000E+00    0.172598667144775390625000000000000000000000E+02
    0.733197033405303955078125000000000000000000E+00    0.163749046325683593750000000000000000000000E+02
    0.748008966445922851562500000000000000000000E+00    0.155244665145874023437500000000000000000000E+02
    0.763119339942932128906250000000000000000000E+00    0.147073249816894531250000000000000000000000E+02
    0.778535783290863037109375000000000000000000E+00    0.139223423004150390625000000000000000000000E+02
    0.794262826442718505859375000000000000000000E+00    0.131684732437133789062500000000000000000000E+02
    0.810308396816253662109375000000000000000000E+00    0.124447927474975585937500000000000000000000E+02
    0.826677322387695312500000000000000000000000E+00    0.117504444122314453125000000000000000000000E+02
    0.843377590179443359375000000000000000000000E+00    0.110846147537231445312500000000000000000000E+02
    0.860414624214172363281250000000000000000000E+00    0.104465761184692382812500000000000000000000E+02
    0.877796530723571777343750000000000000000000E+00    0.983570766448974609375000000000000000000000E+01
    0.895528674125671386718750000000000000000000E+00    0.925139141082763671875000000000000000000000E+01
    0.913619995117187500000000000000000000000000E+00    0.869301700592041015625000000000000000000000E+01
    0.932075977325439453125000000000000000000000E+00    0.816010379791259765625000000000000000000000E+01
    0.950905561447143554687500000000000000000000E+00    0.765222311019897460937500000000000000000000E+01
    0.970114648342132568359375000000000000000000E+00    0.716888093948364257812500000000000000000000E+01
    0.989712655544281005859375000000000000000000E+00    0.670960426330566406250000000000000000000000E+01
    0.100970673561096191406250000000000000000000E+01    0.627413940429687500000000000000000000000000E+01
    0.103010356426239013671875000000000000000000E+01    0.586216592788696289062500000000000000000000E+01
    0.105091357231140136718750000000000000000000E+01    0.547323274612426757812500000000000000000000E+01
    0.107214283943176269531250000000000000000000E+01    0.510691356658935546875000000000000000000000E+01
    0.109380209445953369140625000000000000000000E+01    0.476285219192504882812500000000000000000000E+01
    0.111589777469635009765625000000000000000000E+01    0.444066190719604492187500000000000000000000E+01
    0.113844096660614013671875000000000000000000E+01    0.413990020751953125000000000000000000000000E+01
    0.116143846511840820312500000000000000000000E+01    0.385999703407287597656250000000000000000000E+01
    0.118490159511566162109375000000000000000000E+01    0.360035276412963867187500000000000000000000E+01
    0.120883750915527343750000000000000000000000E+01    0.336026453971862792968750000000000000000000E+01
    0.123325824737548828125000000000000000000000E+01    0.313892745971679687500000000000000000000000E+01
    0.125817120075225830078125000000000000000000E+01    0.293546676635742187500000000000000000000000E+01
    0.128358840942382812500000000000000000000000E+01    0.274892473220825195312500000000000000000000E+01
    0.130951797962188720703125000000000000000000E+01    0.257817006111145019531250000000000000000000E+01
    0.133597266674041748046875000000000000000000E+01    0.242207407951354980468750000000000000000000E+01
    0.136296045780181884765625000000000000000000E+01    0.227935576438903808593750000000000000000000E+01
    0.139049470424652099609375000000000000000000E+01    0.214864110946655273437500000000000000000000E+01
    0.141858386993408203125000000000000000000000E+01    0.202861404418945312500000000000000000000000E+01
    0.144724178314208984375000000000000000000000E+01    0.191776502132415771484375000000000000000000E+01
    0.147647726535797119140625000000000000000000E+01    0.181470572948455810546875000000000000000000E+01
    0.150630474090576171875000000000000000000000E+01    0.171808159351348876953125000000000000000000E+01
    0.153673338890075683593750000000000000000000E+01    0.162658524513244628906250000000000000000000E+01
    0.156777822971343994140625000000000000000000E+01    0.153913021087646484375000000000000000000000E+01
    0.159944856166839599609375000000000000000000E+01    0.145486688613891601562500000000000000000000E+01
    0.163176035881042480468750000000000000000000E+01    0.137312829494476318359375000000000000000000E+01
    0.166472315788269042968750000000000000000000E+01    0.129362285137176513671875000000000000000000E+01
    0.169835364818572998046875000000000000000000E+01    0.121635830402374267578125000000000000000000E+01
    0.173266339302062988281250000000000000000000E+01    0.114147603511810302734375000000000000000000E+01
    0.176766479015350341796875000000000000000000E+01    0.106952106952667236328125000000000000000000E+01
    0.180337476730346679687500000000000000000000E+01    0.100101649761199951171875000000000000000000E+01
    0.183980441093444824218750000000000000000000E+01    0.936457931995391845703125000000000000000000E+00
    0.187697184085845947265625000000000000000000E+01    0.876296877861022949218750000000000000000000E+00
    0.191488826274871826171875000000000000000000E+01    0.820749223232269287109375000000000000000000E+00
    0.195357239246368408203125000000000000000000E+01    0.769608914852142333984375000000000000000000E+00
    0.199303627014160156250000000000000000000000E+01    0.722572445869445800781250000000000000000000E+00
    0.203329920768737792968750000000000000000000E+01    0.679061412811279296875000000000000000000000E+00
    0.207437348365783691406250000000000000000000E+01    0.638303101062774658203125000000000000000000E+00
    0.211627960205078125000000000000000000000000E+01    0.599684000015258789062500000000000000000000E+00
    0.215903019905090332031250000000000000000000E+01    0.562824726104736328125000000000000000000000E+00
    0.220264649391174316406250000000000000000000E+01    0.527462065219879150390625000000000000000000E+00
    0.224714183807373046875000000000000000000000E+01    0.493697196245193481445312500000000000000000E+00
    0.229253816604614257812500000000000000000000E+01    0.461895197629928588867187500000000000000000E+00
    0.233884930610656738281250000000000000000000E+01    0.432290285825729370117187500000000000000000E+00
    0.238609838485717773437500000000000000000000E+01    0.404887437820434570312500000000000000000000E+00
    0.243429946899414062500000000000000000000000E+01    0.379616439342498779296875000000000000000000E+00
    0.248347663879394531250000000000000000000000E+01    0.356160730123519897460937500000000000000000E+00
    0.253364515304565429687500000000000000000000E+01    0.334028095006942749023437500000000000000000E+00
    0.258482933044433593750000000000000000000000E+01    0.312903910875320434570312500000000000000000E+00
    0.263704490661621093750000000000000000000000E+01    0.292879045009613037109375000000000000000000E+00
    0.269031810760498046875000000000000000000000E+01    0.274092853069305419921875000000000000000000E+00
    0.274466466903686523437500000000000000000000E+01    0.256574898958206176757812500000000000000000E+00
    0.280011177062988281250000000000000000000000E+01    0.240271538496017456054687500000000000000000E+00
    0.285667920112609863281250000000000000000000E+01    0.225099384784698486328125000000000000000000E+00
    0.291438651084899902343750000000000000000000E+01    0.210885837674140930175781250000000000000000E+00
    0.297326231002807617187500000000000000000000E+01    0.197468489408493041992187500000000000000000E+00
    0.303332471847534179687500000000000000000000E+01    0.184806391596794128417968750000000000000000E+00
    0.309460353851318359375000000000000000000000E+01    0.172948315739631652832031250000000000000000E+00
    0.315711688995361328125000000000000000000000E+01    0.161905631422996520996093750000000000000000E+00
    0.322089648246765136718750000000000000000000E+01    0.151598051190376281738281250000000000000000E+00
    0.328596115112304687500000000000000000000000E+01    0.141937062144279479980468750000000000000000E+00
    0.335234355926513671875000000000000000000000E+01    0.132867038249969482421875000000000000000000E+00
    0.342006349563598632812500000000000000000000E+01    0.124357648193836212158203125000000000000000E+00
    0.348915529251098632812500000000000000000000E+01    0.116381801664829254150390625000000000000000E+00
    0.355963897705078125000000000000000000000000E+01    0.108918920159339904785156250000000000000000E+00
    0.363155031204223632812500000000000000000000E+01    0.101948283612728118896484375000000000000000E+00
    0.370491051673889160156250000000000000000000E+01    0.954367518424987792968750000000000000000000E-01
    0.377975654602050781250000000000000000000000E+01    0.893425717949867248535156250000000000000000E-01
    0.385611033439636230468750000000000000000000E+01    0.836306661367416381835937500000000000000000E-01
    0.393401122093200683593750000000000000000000E+01    0.782784149050712585449218750000000000000000E-01
    0.401348161697387695312500000000000000000000E+01    0.732664763927459716796875000000000000000000E-01
    0.409456062316894531250000000000000000000000E+01    0.685764551162719726562500000000000000000000E-01
    0.417727470397949218750000000000000000000000E+01    0.641908422112464904785156250000000000000000E-01
    0.426166296005249023437500000000000000000000E+01    0.600918680429458618164062500000000000000000E-01
    0.434775209426879882812500000000000000000000E+01    0.562594756484031677246093750000000000000000E-01
    0.443558454513549804687500000000000000000000E+01    0.526744686067104339599609375000000000000000E-01
    0.452518701553344726562500000000000000000000E+01    0.493202880024909973144531250000000000000000E-01
    0.461660432815551757812500000000000000000000E+01    0.461825728416442871093750000000000000000000E-01
    0.470986795425415039062500000000000000000000E+01    0.432477481663227081298828125000000000000000E-01
    0.480501127243041992187500000000000000000000E+01    0.405027791857719421386718750000000000000000E-01
    0.490208053588867187500000000000000000000000E+01    0.379353687167167663574218750000000000000000E-01
    0.500110673904418945312500000000000000000000E+01    0.355340503156185150146484375000000000000000E-01
    0.510213851928710937500000000000000000000000E+01    0.332880988717079162597656250000000000000000E-01
    0.520520591735839843750000000000000000000000E+01    0.311875343322753906250000000000000000000000E-01
    0.531036043167114257812500000000000000000000E+01    0.292232595384120941162109375000000000000000E-01
    0.541763401031494140625000000000000000000000E+01    0.273867342621088027954101562500000000000000E-01
    0.552708053588867187500000000000000000000000E+01    0.256695020943880081176757812500000000000000E-01
    0.563873195648193359375000000000000000000000E+01    0.240632854402065277099609375000000000000000E-01
    0.575264453887939453125000000000000000000000E+01    0.225605573505163192749023437500000000000000E-01
    0.586885261535644531250000000000000000000000E+01    0.211548730731010437011718750000000000000000E-01
    0.598741388320922851562500000000000000000000E+01    0.198402702808380126953125000000000000000000E-01
    0.610836458206176757812500000000000000000000E+01    0.186108499765396118164062500000000000000000E-01
    0.623176479339599609375000000000000000000000E+01    0.174608454108238220214843750000000000000000E-01
    0.635765171051025390625000000000000000000000E+01    0.163849126547574996948242187500000000000000E-01
    0.648608779907226562500000000000000000000000E+01    0.153782051056623458862304687500000000000000E-01
    0.661711215972900390625000000000000000000000E+01    0.144362170249223709106445312500000000000000E-01
    0.675078964233398437500000000000000000000000E+01    0.135547127574682235717773437500000000000000E-01
    0.688716173171997070312500000000000000000000E+01    0.127297071740031242370605468750000000000000E-01
    0.702629423141479492187500000000000000000000E+01    0.119574805721640586853027343750000000000000E-01
    0.716823101043701171875000000000000000000000E+01    0.112345591187477111816406250000000000000000E-01
    0.731304264068603515625000000000000000000000E+01    0.105576999485492706298828125000000000000000E-01
    0.746077251434326171875000000000000000000000E+01    0.992386974394321441650390625000000000000000E-02
    0.761149358749389648437500000000000000000000E+01    0.933023635298013687133789062500000000000000E-02
    0.776525211334228515625000000000000000000000E+01    0.877415481954813003540039062500000000000000E-02
    0.792212390899658203125000000000000000000000E+01    0.825315620750188827514648437500000000000000E-02
    0.808216571807861328125000000000000000000000E+01    0.776493456214666366577148437500000000000000E-02
    0.824543190002441406250000000000000000000000E+01    0.730733294039964675903320312500000000000000E-02
    0.841200447082519531250000000000000000000000E+01    0.687832897529006004333496093750000000000000E-02
    0.858193302154541015625000000000000000000000E+01    0.647604279220104217529296875000000000000000E-02
    0.875530433654785156250000000000000000000000E+01    0.609873048961162567138671875000000000000000E-02
    0.893216896057128906250000000000000000000000E+01    0.574476970359683036804199218750000000000000E-02
    0.911261463165283203125000000000000000000000E+01    0.541263353079557418823242187500000000000000E-02
    0.929669761657714843750000000000000000000000E+01    0.510088726878166198730468750000000000000000E-02
    0.948450660705566406250000000000000000000000E+01    0.480819866061210632324218750000000000000000E-02
    0.967610168457031250000000000000000000000000E+01    0.453333370387554168701171875000000000000000E-02
    0.987157726287841796875000000000000000000000E+01    0.427514454349875450134277343750000000000000E-02
    0.100709915161132812500000000000000000000000E+02    0.403255270794034004211425781250000000000000E-02
    0.102744436264038085937500000000000000000000E+02    0.380454701371490955352783203125000000000000E-02
    0.104819955825805664062500000000000000000000E+02    0.359018752351403236389160156250000000000000E-02
    0.106937503814697265625000000000000000000000E+02    0.338860368356108665466308593750000000000000E-02
    0.109097728729248046875000000000000000000000E+02    0.319898570887744426727294921875000000000000E-02
    0.111301708221435546875000000000000000000000E+02    0.302057201042771339416503906250000000000000E-02
    0.113550090789794921875000000000000000000000E+02    0.285264756530523300170898437500000000000000E-02
    0.115844011306762695312500000000000000000000E+02    0.269454810768365859985351562500000000000000E-02
    0.118184156417846679687500000000000000000000E+02    0.254566012881696224212646484375000000000000E-02
    0.120571689605712890625000000000000000000000E+02    0.240541249513626098632812500000000000000000E-02
    0.123007345199584960937500000000000000000000E+02    0.227326736785471439361572265625000000000000E-02
    0.125492305755615234375000000000000000000000E+02    0.214871717616915702819824218750000000000000E-02
    0.128027353286743164062500000000000000000000E+02    0.203129160217940807342529296875000000000000E-02
    0.130613737106323242187500000000000000000000E+02    0.192055711522698402404785156250000000000000E-02
    0.133252372741699218750000000000000000000000E+02    0.181610998697578907012939453125000000000000E-02
    0.135944185256958007812500000000000000000000E+02    0.171756907366216182708740234375000000000000E-02
    0.138690500259399414062500000000000000000000E+02    0.162457430269569158554077148437500000000000E-02
    0.141492166519165039062500000000000000000000E+02    0.153679074719548225402832031250000000000000E-02
    0.144350557327270507812500000000000000000000E+02    0.145390885882079601287841796875000000000000E-02
    0.147266559600830078125000000000000000000000E+02    0.137563934549689292907714843750000000000000E-02
    0.150241622924804687500000000000000000000000E+02    0.130171095952391624450683593750000000000000E-02
    0.153276624679565429687500000000000000000000E+02    0.123186851851642131805419921875000000000000E-02
    0.156373090744018554687500000000000000000000E+02    0.116587313823401927947998046875000000000000E-02
    0.159531946182250976562500000000000000000000E+02    0.110350048635154962539672851562500000000000E-02
    0.162754783630371093750000000000000000000000E+02    0.104454008396714925765991210937500000000000E-02
    0.166042575836181640625000000000000000000000E+02    0.988796004094183444976806640625000000000000E-03
    0.169396934509277343750000000000000000000000E+02    0.936084950808435678482055664062500000000000E-03
    0.172818889617919921875000000000000000000000E+02    0.886234920471906661987304687500000000000000E-03
    0.176310138702392578125000000000000000000000E+02    0.839084270410239696502685546875000000000000E-03
    0.179871768951416015625000000000000000000000E+02    0.794480729382485151290893554687500000000000E-03
    0.183505496978759765625000000000000000000000E+02    0.752281281165778636932373046875000000000000E-03
    0.187212448120117187500000000000000000000000E+02    0.712351175025105476379394531250000000000000E-03
    0.190994472503662109375000000000000000000000E+02    0.674563867505639791488647460937500000000000E-03
    0.194852733612060546875000000000000000000000E+02    0.638800906017422676086425781250000000000000E-03
    0.198789100646972656250000000000000000000000E+02    0.604950881097465753555297851562500000000000E-03
    0.202804813385009765625000000000000000000000E+02    0.572908611502498388290405273437500000000000E-03
    0.206901836395263671875000000000000000000000E+02    0.542575086001306772232055664062500000000000E-03
    0.211081428527832031250000000000000000000000E+02    0.513856823090463876724243164062500000000000E-03
    0.215345649719238281250000000000000000000000E+02    0.486666132928803563117980957031250000000000E-03
    0.219696025848388671875000000000000000000000E+02    0.460920244222506880760192871093750000000000E-03
    0.224134063720703125000000000000000000000000E+02    0.436540838563814759254455566406250000000000E-03
    0.228661975860595703125000000000000000000000E+02    0.413454021327197551727294921875000000000000E-03
    0.233281154632568359375000000000000000000000E+02    0.391590059734880924224853515625000000000000E-03
    0.237993831634521484375000000000000000000000E+02    0.370883528375998139381408691406250000000000E-03
    0.242801532745361328125000000000000000000000E+02    0.351272727129980921745300292968750000000000E-03
    0.247706546783447265625000000000000000000000E+02    0.332698982674628496170043945312500000000000E-03
    0.252710437774658203125000000000000000000000E+02    0.315106532070785760879516601562500000000000E-03
    0.257815628051757812500000000000000000000000E+02    0.298442813800647854804992675781250000000000E-03
    0.263023719787597656250000000000000000000000E+02    0.282658758806064724922180175781250000000000E-03
    0.268337268829345703125000000000000000000000E+02    0.267707859165966510772705078125000000000000E-03
    0.273757934570312500000000000000000000000000E+02    0.253545993473380804061889648437500000000000E-03
    0.279288311004638671875000000000000000000000E+02    0.240131121245212852954864501953125000000000E-03
    0.284930171966552734375000000000000000000000E+02    0.227423501200973987579345703125000000000000E-03
    0.290686283111572265625000000000000000000000E+02    0.215385807678103446960449218750000000000000E-03
    0.296558399200439453125000000000000000000000E+02    0.203982694074511528015136718750000000000000E-03
    0.302549400329589843750000000000000000000000E+02    0.193180734640918672084808349609375000000000E-03
    0.308661155700683593750000000000000000000000E+02    0.182948206202127039432525634765625000000000E-03
    0.314896678924560546875000000000000000000000E+02    0.173255088157020509243011474609375000000000E-03
    0.321257820129394531250000000000000000000000E+02    0.164072975167073309421539306640625000000000E-03
    0.327747840881347656250000000000000000000000E+02    0.155374902533367276191711425781250000000000E-03
    0.334368629455566406250000000000000000000000E+02    0.147135418956167995929718017578125000000000E-03
    0.341123466491699218750000000000000000000000E+02    0.139330397360026836395263671875000000000000E-03
    0.348014411926269531250000000000000000000000E+02    0.131936976686120033264160156250000000000000E-03
    0.355044975280761718750000000000000000000000E+02    0.124933518236503005027770996093750000000000E-03
    0.362217178344726562500000000000000000000000E+02    0.118299467430915683507919311523437500000000E-03
    0.369534606933593750000000000000000000000000E+02    0.112015412014443427324295043945312500000000E-03
    0.376999855041503906250000000000000000000000E+02    0.106062965642195194959640502929687500000000E-03
    0.384615592956542968750000000000000000000000E+02    0.100424687843769788742065429687500000000000E-03
    0.392385520935058593750000000000000000000000E+02    0.950840840232558548450469970703125000000000E-04
    0.400312004089355468750000000000000000000000E+02    0.900255108717828989028930664062500000000000E-04
    0.408399047851562500000000000000000000000000E+02    0.852341472636908292770385742187500000000000E-04
    0.416649055480957031250000000000000000000000E+02    0.806959506007842719554901123046875000000000E-04
    0.425066108703613281250000000000000000000000E+02    0.763976204325444996356964111328125000000000E-04
    0.433652801513671875000000000000000000000000E+02    0.723265329725109040737152099609375000000000E-04
    0.442413406372070312500000000000000000000000E+02    0.684707338223233819007873535156250000000000E-04
    0.451350479125976562500000000000000000000000E+02    0.648188943159766495227813720703125000000000E-04
    0.460468597412109375000000000000000000000000E+02    0.613602896919474005699157714843750000000000E-04
    0.469770469665527343750000000000000000000000E+02    0.580847699893638491630554199218750000000000E-04
    0.479260635375976562500000000000000000000000E+02    0.549826945643872022628784179687500000000000E-04
    0.488942108154296875000000000000000000000000E+02    0.520449393661692738533020019531250000000000E-04
    0.498819656372070312500000000000000000000000E+02    0.492628569190856069326400756835937500000000E-04
    0.508896217346191406250000000000000000000000E+02    0.466282363049685955047607421875000000000000E-04
    0.519176826477050781250000000000000000000000E+02    0.441333104390650987625122070312500000000000E-04
    0.529664611816406250000000000000000000000000E+02    0.417707196902483701705932617187500000000000E-04
    0.540364799499511718750000000000000000000000E+02    0.395334936911240220069885253906250000000000E-04
    0.551280593872070312500000000000000000000000E+02    0.374150222341995686292648315429687500000000E-04
    0.562417488098144531250000000000000000000000E+02    0.354090479959268122911453247070312500000000E-04
    0.573778800964355468750000000000000000000000E+02    0.335096374328713864088058471679687500000000E-04
    0.585370178222656250000000000000000000000000E+02    0.317111662297975271940231323242187500000000E-04
    0.597195167541503906250000000000000000000000E+02    0.300083065667422488331794738769531250000000E-04
    0.609259529113769531250000000000000000000000E+02    0.283960089291213080286979675292968750000000E-04
    0.621567726135253906250000000000000000000000E+02    0.268694948317715898156166076660156250000000E-04
    0.634123916625976562500000000000000000000000E+02    0.254242313530994579195976257324218750000000E-04
    0.646934356689453125000000000000000000000000E+02    0.240559256781125441193580627441406250000000E-04
    0.660002975463867187500000000000000000000000E+02    0.227605032705469056963920593261718750000000E-04
    0.673336257934570312500000000000000000000000E+02    0.215341115108458325266838073730468750000000E-04
    0.686938171386718750000000000000000000000000E+02    0.203731051442446187138557434082031250000000E-04
    0.700815582275390625000000000000000000000000E+02    0.192740226339083164930343627929687500000000E-04
    0.714972610473632812500000000000000000000000E+02    0.182335825229529291391372680664062500000000E-04
    0.729416351318359375000000000000000000000000E+02    0.172486779774772003293037414550781250000000E-04
    0.744151153564453125000000000000000000000000E+02    0.163163640536367893218994140625000000000000E-04
    0.759184341430664062500000000000000000000000E+02    0.154338576976442709565162658691406250000000E-04
    0.774520568847656250000000000000000000000000E+02    0.145985231938539072871208190917968750000000E-04
    0.790167236328125000000000000000000000000000E+02    0.138078557938570156693458557128906250000000E-04
    0.806129302978515625000000000000000000000000E+02    0.130594835354713723063468933105468750000000E-04
    0.822414550781250000000000000000000000000000E+02    0.123511608762782998383045196533203125000000E-04
    0.839028015136718750000000000000000000000000E+02    0.116807650556438602507114410400390625000000E-04
    0.855977935791015625000000000000000000000000E+02    0.110462833617930300533771514892578125000000E-04
    0.873269348144531250000000000000000000000000E+02    0.104458022178732790052890777587890625000000E-04
    0.890910949707031250000000000000000000000000E+02    0.987751263892278075218200683593750000000000E-05
    0.908908081054687500000000000000000000000000E+02    0.933970841288100928068161010742187500000000E-05
    0.927269744873046875000000000000000000000000E+02    0.883078428159933537244796752929687500000000E-05
    0.946001358032226562500000000000000000000000E+02    0.834920683701056987047195434570312500000000E-05
    0.965112304687500000000000000000000000000000E+02    0.789347086538327857851982116699218750000000E-05
    0.984608383178710937500000000000000000000000E+02    0.746215391700388863682746887207031250000000E-05
    0.100449920654296875000000000000000000000000E+03    0.705403454048791900277137756347656250000000E-05
    0.102479194641113281250000000000000000000000E+03    0.666805817672866396605968475341796875000000E-05
