  0.104368E-04  0.716336E+07  0.716336E+07  0.954953E+07  0.954948E+07  0.716833E+07  0.716336E+07  0.976670E+00  0.716338E+07
  0.115244E-04  0.716335E+07  0.716335E+07  0.954918E+07  0.954911E+07  0.716832E+07  0.716335E+07  0.976670E+00  0.716338E+07
  0.127253E-04  0.716335E+07  0.716335E+07  0.954874E+07  0.954866E+07  0.716831E+07  0.716335E+07  0.976670E+00  0.716337E+07
  0.140513E-04  0.716335E+07  0.716335E+07  0.954822E+07  0.954812E+07  0.716830E+07  0.716335E+07  0.976670E+00  0.716337E+07
  0.155156E-04  0.716335E+07  0.716335E+07  0.954757E+07  0.954745E+07  0.716829E+07  0.716335E+07  0.976670E+00  0.716337E+07
  0.171324E-04  0.716334E+07  0.716334E+07  0.954679E+07  0.954664E+07  0.716827E+07  0.716334E+07  0.976670E+00  0.716336E+07
  0.189177E-04  0.716334E+07  0.716334E+07  0.954583E+07  0.954565E+07  0.716825E+07  0.716334E+07  0.976670E+00  0.716336E+07
  0.208890E-04  0.716333E+07  0.716333E+07  0.954467E+07  0.954444E+07  0.716822E+07  0.716333E+07  0.976670E+00  0.716335E+07
  0.230658E-04  0.716333E+07  0.716333E+07  0.954325E+07  0.954298E+07  0.716819E+07  0.716333E+07  0.976669E+00  0.716335E+07
  0.254694E-04  0.716332E+07  0.716332E+07  0.954151E+07  0.954118E+07  0.716815E+07  0.716332E+07  0.976669E+00  0.716334E+07
  0.281235E-04  0.716331E+07  0.716331E+07  0.953940E+07  0.953900E+07  0.716810E+07  0.716331E+07  0.976669E+00  0.716333E+07
  0.310541E-04  0.716330E+07  0.716330E+07  0.953683E+07  0.953634E+07  0.716805E+07  0.716330E+07  0.976668E+00  0.716332E+07
  0.342901E-04  0.716328E+07  0.716328E+07  0.953369E+07  0.953309E+07  0.716798E+07  0.716328E+07  0.976668E+00  0.716330E+07
  0.378634E-04  0.716327E+07  0.716326E+07  0.952986E+07  0.952913E+07  0.716789E+07  0.716327E+07  0.976667E+00  0.716329E+07
  0.418090E-04  0.716325E+07  0.716324E+07  0.952520E+07  0.952431E+07  0.716779E+07  0.716324E+07  0.976667E+00  0.716326E+07
  0.461658E-04  0.716322E+07  0.716322E+07  0.951952E+07  0.951844E+07  0.716766E+07  0.716322E+07  0.976666E+00  0.716324E+07
  0.509765E-04  0.716319E+07  0.716318E+07  0.951260E+07  0.951128E+07  0.716751E+07  0.716319E+07  0.976665E+00  0.716320E+07
  0.562886E-04  0.716315E+07  0.716314E+07  0.950417E+07  0.950256E+07  0.716732E+07  0.716315E+07  0.976663E+00  0.716317E+07
  0.621542E-04  0.716310E+07  0.716309E+07  0.949390E+07  0.949193E+07  0.716709E+07  0.716310E+07  0.976662E+00  0.716312E+07
  0.686311E-04  0.716304E+07  0.716304E+07  0.948139E+07  0.947899E+07  0.716681E+07  0.716304E+07  0.976660E+00  0.716306E+07
  0.757829E-04  0.716298E+07  0.716296E+07  0.946615E+07  0.946324E+07  0.716647E+07  0.716297E+07  0.976657E+00  0.716299E+07
  0.836799E-04  0.716289E+07  0.716288E+07  0.944761E+07  0.944406E+07  0.716605E+07  0.716289E+07  0.976655E+00  0.716290E+07
  0.923999E-04  0.716279E+07  0.716277E+07  0.942505E+07  0.942073E+07  0.716555E+07  0.716278E+07  0.976651E+00  0.716280E+07
  0.102029E-03  0.716266E+07  0.716264E+07  0.939762E+07  0.939236E+07  0.716493E+07  0.716266E+07  0.976647E+00  0.716267E+07
  0.112661E-03  0.716251E+07  0.716248E+07  0.936427E+07  0.935788E+07  0.716418E+07  0.716250E+07  0.976642E+00  0.716251E+07
  0.124400E-03  0.716232E+07  0.716228E+07  0.932376E+07  0.931600E+07  0.716326E+07  0.716232E+07  0.976635E+00  0.716232E+07
  0.137364E-03  0.716209E+07  0.716205E+07  0.927460E+07  0.926517E+07  0.716214E+07  0.716209E+07  0.976628E+00  0.716208E+07
  0.151678E-03  0.716181E+07  0.716176E+07  0.921500E+07  0.920355E+07  0.716078E+07  0.716181E+07  0.976618E+00  0.716180E+07
  0.167484E-03  0.716147E+07  0.716141E+07  0.914282E+07  0.912894E+07  0.715912E+07  0.716147E+07  0.976607E+00  0.716145E+07
  0.184937E-03  0.716106E+07  0.716099E+07  0.905554E+07  0.903874E+07  0.715710E+07  0.716106E+07  0.976593E+00  0.716103E+07
  0.204208E-03  0.716055E+07  0.716047E+07  0.895022E+07  0.892991E+07  0.715463E+07  0.716055E+07  0.976577E+00  0.716051E+07
  0.225488E-03  0.715994E+07  0.715984E+07  0.882339E+07  0.879889E+07  0.715164E+07  0.715994E+07  0.976556E+00  0.715989E+07
  0.248985E-03  0.715920E+07  0.715907E+07  0.867109E+07  0.864161E+07  0.714799E+07  0.715919E+07  0.976532E+00  0.715913E+07
  0.274931E-03  0.715829E+07  0.715814E+07  0.848883E+07  0.845344E+07  0.714355E+07  0.715829E+07  0.976503E+00  0.715820E+07
  0.303581E-03  0.715719E+07  0.715700E+07  0.827160E+07  0.822927E+07  0.713815E+07  0.715719E+07  0.976468E+00  0.715708E+07
  0.335216E-03  0.715585E+07  0.715563E+07  0.801401E+07  0.796360E+07  0.713158E+07  0.715585E+07  0.976426E+00  0.715571E+07
  0.370147E-03  0.715423E+07  0.715396E+07  0.771047E+07  0.765073E+07  0.712361E+07  0.715423E+07  0.976376E+00  0.715406E+07
  0.408719E-03  0.715226E+07  0.715194E+07  0.735551E+07  0.728517E+07  0.711394E+07  0.715226E+07  0.976317E+00  0.715205E+07
  0.451310E-03  0.714988E+07  0.714949E+07  0.694433E+07  0.686213E+07  0.710221E+07  0.714988E+07  0.976247E+00  0.714962E+07
  0.498339E-03  0.714701E+07  0.714654E+07  0.647355E+07  0.637840E+07  0.708800E+07  0.714701E+07  0.976165E+00  0.714668E+07
  0.550269E-03  0.714354E+07  0.714299E+07  0.594229E+07  0.583340E+07  0.707083E+07  0.714354E+07  0.976070E+00  0.714314E+07
  0.607611E-03  0.713936E+07  0.713871E+07  0.535349E+07  0.523060E+07  0.705009E+07  0.713936E+07  0.975961E+00  0.713888E+07
  0.670928E-03  0.713435E+07  0.713359E+07  0.471545E+07  0.457909E+07  0.702512E+07  0.713435E+07  0.975838E+00  0.713377E+07
  0.740842E-03  0.712834E+07  0.712746E+07  0.404338E+07  0.389517E+07  0.699511E+07  0.712834E+07  0.975701E+00  0.712764E+07
  0.818043E-03  0.712118E+07  0.712016E+07  0.336047E+07  0.320335E+07  0.695912E+07  0.712118E+07  0.975552E+00  0.712033E+07
  0.903288E-03  0.711266E+07  0.711150E+07  0.269774E+07  0.253614E+07  0.691624E+07  0.711266E+07  0.975393E+00  0.711165E+07
  0.997416E-03  0.710258E+07  0.710127E+07  0.209184E+07  0.193151E+07  0.686528E+07  0.710258E+07  0.975227E+00  0.710137E+07
  0.110135E-02  0.709070E+07  0.708924E+07  0.157960E+07  0.142711E+07  0.680504E+07  0.709070E+07  0.975062E+00  0.708926E+07
  0.121612E-02  0.707676E+07  0.707518E+07  0.118922E+07  0.105098E+07  0.673427E+07  0.707676E+07  0.974901E+00  0.707507E+07
  0.134285E-02  0.706051E+07  0.705882E+07  0.929356E+06  0.810287E+06  0.665177E+07  0.706051E+07  0.974751E+00  0.705852E+07
  0.148278E-02  0.704164E+07  0.703986E+07  0.780399E+06  0.682746E+06  0.655677E+07  0.704164E+07  0.974616E+00  0.703931E+07
  0.163730E-02  0.701985E+07  0.701801E+07  0.695170E+06  0.618144E+06  0.644843E+07  0.701985E+07  0.974495E+00  0.701714E+07
  0.180791E-02  0.699478E+07  0.699291E+07  0.615871E+06  0.556713E+06  0.632627E+07  0.699478E+07  0.974387E+00  0.699166E+07
  0.199631E-02  0.696608E+07  0.696417E+07  0.505541E+06  0.461626E+06  0.619021E+07  0.696608E+07  0.974284E+00  0.696249E+07
  0.220434E-02  0.693332E+07  0.693137E+07  0.374632E+06  0.344769E+06  0.604072E+07  0.693332E+07  0.974183E+00  0.692924E+07
  0.243404E-02  0.689609E+07  0.689406E+07  0.270887E+06  0.253782E+06  0.587883E+07  0.689609E+07  0.974082E+00  0.689147E+07
  0.268769E-02  0.685394E+07  0.685178E+07  0.223987E+06  0.215239E+06  0.570604E+07  0.685394E+07  0.973985E+00  0.684874E+07
  0.296776E-02  0.680639E+07  0.680406E+07  0.202377E+06  0.000000E+00  0.552404E+07  0.680639E+07  0.973892E+00  0.680060E+07
  0.327702E-02  0.675300E+07  0.675044E+07  0.160477E+06  0.000000E+00  0.533432E+07  0.675300E+07  0.973802E+00  0.674659E+07
  0.361851E-02  0.669328E+07  0.669047E+07  0.118317E+06  0.000000E+00  0.513780E+07  0.669328E+07  0.973715E+00  0.668626E+07
  0.399558E-02  0.662677E+07  0.662367E+07  0.107044E+06  0.000000E+00  0.493465E+07  0.662676E+07  0.973632E+00  0.661912E+07
  0.441194E-02  0.655298E+07  0.654955E+07  0.882409E+05  0.000000E+00  0.472461E+07  0.655297E+07  0.973552E+00  0.654470E+07
  0.487169E-02  0.647143E+07  0.646759E+07  0.656874E+05  0.000000E+00  0.450763E+07  0.647143E+07  0.973473E+00  0.646252E+07
  0.537935E-02  0.638165E+07  0.637729E+07  0.605782E+05  0.000000E+00  0.428392E+07  0.638165E+07  0.973396E+00  0.637209E+07
  0.593992E-02  0.628334E+07  0.627837E+07  0.426247E+05  0.000000E+00  0.403706E+07  0.628334E+07  0.973313E+00  0.627305E+07
  0.655889E-02  0.617562E+07  0.616993E+07  0.367617E+05  0.000000E+00  0.379106E+07  0.617562E+07  0.973233E+00  0.616464E+07
  0.724237E-02  0.605819E+07  0.605162E+07  0.280849E+05  0.000000E+00  0.353621E+07  0.605819E+07  0.973150E+00  0.604648E+07
  0.799707E-02  0.593043E+07  0.592282E+07  0.219075E+05  0.000000E+00  0.327698E+07  0.593043E+07  0.973066E+00  0.591800E+07
  0.883042E-02  0.579204E+07  0.578319E+07  0.196977E+05  0.000000E+00  0.302155E+07  0.579204E+07  0.972983E+00  0.577893E+07
  0.975060E-02  0.564253E+07  0.563223E+07  0.144438E+05  0.000000E+00  0.277051E+07  0.564253E+07  0.972904E+00  0.562876E+07
  0.107667E-01  0.548138E+07  0.546936E+07  0.114079E+05  0.000000E+00  0.252051E+07  0.548138E+07  0.972827E+00  0.546696E+07
  0.118886E-01  0.530817E+07  0.529415E+07  0.892313E+04  0.000000E+00  0.227404E+07  0.530817E+07  0.972749E+00  0.529313E+07
  0.131275E-01  0.512248E+07  0.510616E+07  0.700451E+04  0.000000E+00  0.203654E+07  0.512248E+07  0.972673E+00  0.510686E+07
  0.144955E-01  0.492399E+07  0.490503E+07  0.582977E+04  0.000000E+00  0.180956E+07  0.492399E+07  0.972602E+00  0.490783E+07
  0.160060E-01  0.471250E+07  0.469058E+07  0.443421E+04  0.000000E+00  0.159214E+07  0.471250E+07  0.972532E+00  0.469586E+07
  0.176739E-01  0.448806E+07  0.446286E+07  0.331505E+04  0.000000E+00  0.138807E+07  0.448806E+07  0.972466E+00  0.447099E+07
  0.195156E-01  0.425105E+07  0.422231E+07  0.264007E+04  0.000000E+00  0.119792E+07  0.425105E+07  0.972403E+00  0.423362E+07
  0.215493E-01  0.400239E+07  0.396993E+07  0.222242E+04  0.000000E+00  0.102272E+07  0.400238E+07  0.972344E+00  0.398469E+07
  0.237949E-01  0.374369E+07  0.370752E+07  0.166141E+04  0.000000E+00  0.863344E+06  0.374369E+07  0.972289E+00  0.372583E+07
  0.262744E-01  0.347760E+07  0.343794E+07  0.120493E+04  0.000000E+00  0.720560E+06  0.347760E+07  0.972238E+00  0.345972E+07
  0.290124E-01  0.320792E+07  0.316531E+07  0.836625E+03  0.000000E+00  0.594367E+06  0.320792E+07  0.972190E+00  0.319018E+07
  0.320357E-01  0.293976E+07  0.289514E+07  0.753416E+03  0.000000E+00  0.484906E+06  0.293976E+07  0.972147E+00  0.292238E+07
  0.353740E-01  0.267946E+07  0.263419E+07  0.560839E+03  0.000000E+00  0.391812E+06  0.267946E+07  0.972107E+00  0.266268E+07
  0.390602E-01  0.243410E+07  0.238996E+07  0.368701E+03  0.000000E+00  0.314207E+06  0.243410E+07  0.972072E+00  0.241821E+07
  0.431305E-01  0.221048E+07  0.216949E+07  0.284635E+03  0.000000E+00  0.250889E+06  0.221048E+07  0.972039E+00  0.219576E+07
  0.474436E-01  0.201990E+07  0.198380E+07  0.000000E+00  0.000000E+00  0.201851E+06  0.201989E+07  0.972011E+00  0.200654E+07
  0.517566E-01  0.186981E+07  0.183942E+07  0.000000E+00  0.000000E+00  0.165866E+06  0.186981E+07  0.971989E+00  0.185783E+07
  0.560696E-01  0.174777E+07  0.172306E+07  0.000000E+00  0.000000E+00  0.138610E+06  0.174776E+07  0.971970E+00  0.173708E+07
  0.603827E-01  0.164438E+07  0.162463E+07  0.000000E+00  0.000000E+00  0.117325E+06  0.164438E+07  0.971954E+00  0.163482E+07
  0.646957E-01  0.155234E+07  0.153637E+07  0.000000E+00  0.000000E+00  0.100194E+06  0.155234E+07  0.971940E+00  0.154369E+07
  0.690088E-01  0.146548E+07  0.145188E+07  0.000000E+00  0.000000E+00  0.859845E+05  0.146547E+07  0.971928E+00  0.145750E+07
  0.733218E-01  0.138000E+07  0.136740E+07  0.000000E+00  0.000000E+00  0.739281E+05  0.137999E+07  0.971918E+00  0.137249E+07
  0.776349E-01  0.129465E+07  0.128194E+07  0.000000E+00  0.000000E+00  0.635761E+05  0.129465E+07  0.971909E+00  0.128745E+07
  0.819480E-01  0.121065E+07  0.119709E+07  0.000000E+00  0.000000E+00  0.546961E+05  0.121065E+07  0.971902E+00  0.120363E+07
  0.862610E-01  0.113010E+07  0.111541E+07  0.000000E+00  0.000000E+00  0.471343E+05  0.113010E+07  0.971895E+00  0.112322E+07
  0.905740E-01  0.105517E+07  0.103946E+07  0.000000E+00  0.000000E+00  0.407521E+05  0.105517E+07  0.971889E+00  0.104841E+07
  0.970275E-01  0.957133E+06  0.940754E+06  0.000000E+00  0.000000E+00  0.331279E+05  0.957131E+06  0.971881E+00  0.950655E+06
  0.103481E+00  0.878828E+06  0.863186E+06  0.000000E+00  0.000000E+00  0.333479E+05  0.878826E+06  0.971888E+00  0.872798E+06
  0.109934E+00  0.819603E+06  0.805909E+06  0.000000E+00  0.000000E+00  0.283316E+05  0.819601E+06  0.971882E+00  0.814108E+06
  0.116388E+00  0.774481E+06  0.763298E+06  0.000000E+00  0.000000E+00  0.244983E+05  0.774479E+06  0.971876E+00  0.769554E+06
  0.122841E+00  0.736689E+06  0.727819E+06  0.000000E+00  0.000000E+00  0.214087E+05  0.736686E+06  0.971871E+00  0.732271E+06
  0.129295E+00  0.700234E+06  0.692908E+06  0.000000E+00  0.000000E+00  0.187596E+05  0.700232E+06  0.971866E+00  0.696201E+06
  0.135748E+00  0.661428E+06  0.654676E+06  0.000000E+00  0.000000E+00  0.163856E+05  0.661425E+06  0.971863E+00  0.657639E+06
  0.142201E+00  0.620031E+06  0.613060E+06  0.000000E+00  0.000000E+00  0.142442E+05  0.620028E+06  0.971859E+00  0.616374E+06
  0.148655E+00  0.578539E+06  0.570970E+06  0.000000E+00  0.000000E+00  0.123580E+05  0.578535E+06  0.971856E+00  0.574956E+06
  0.155108E+00  0.539949E+06  0.531858E+06  0.000000E+00  0.000000E+00  0.107517E+05  0.539945E+06  0.971853E+00  0.536441E+06
  0.161562E+00  0.506554E+06  0.498345E+06  0.000000E+00  0.000000E+00  0.942650E+04  0.506550E+06  0.971851E+00  0.503163E+06
  0.168015E+00  0.479527E+06  0.471709E+06  0.000000E+00  0.000000E+00  0.835959E+04  0.479523E+06  0.971848E+00  0.476307E+06
  0.174468E+00  0.458324E+06  0.451295E+06  0.000000E+00  0.000000E+00  0.750181E+04  0.458320E+06  0.971846E+00  0.455314E+06
  0.180922E+00  0.440928E+06  0.434843E+06  0.000000E+00  0.000000E+00  0.679008E+04  0.440923E+06  0.971845E+00  0.438136E+06
  0.187375E+00  0.425038E+06  0.419791E+06  0.000000E+00  0.000000E+00  0.616941E+04  0.425033E+06  0.971843E+00  0.422442E+06
  0.193829E+00  0.408910E+06  0.404213E+06  0.000000E+00  0.000000E+00  0.560335E+04  0.408905E+06  0.971841E+00  0.406467E+06
  0.200282E+00  0.391667E+06  0.387180E+06  0.000000E+00  0.000000E+00  0.507462E+04  0.391661E+06  0.971840E+00  0.389327E+06
  0.206735E+00  0.373463E+06  0.368920E+06  0.000000E+00  0.000000E+00  0.458148E+04  0.373457E+06  0.971839E+00  0.371189E+06
  0.213189E+00  0.355223E+06  0.350504E+06  0.000000E+00  0.000000E+00  0.413173E+04  0.355216E+06  0.971837E+00  0.352997E+06
  0.219642E+00  0.338040E+06  0.333185E+06  0.000000E+00  0.000000E+00  0.373306E+04  0.338033E+06  0.971836E+00  0.335864E+06
  0.226096E+00  0.322787E+06  0.317941E+06  0.000000E+00  0.000000E+00  0.338905E+04  0.322779E+06  0.971835E+00  0.320675E+06
  0.232549E+00  0.309879E+06  0.305221E+06  0.000000E+00  0.000000E+00  0.309736E+04  0.309871E+06  0.971834E+00  0.307850E+06
  0.239003E+00  0.299089E+06  0.294757E+06  0.000000E+00  0.000000E+00  0.284963E+04  0.299081E+06  0.971834E+00  0.297156E+06
  0.245456E+00  0.289679E+06  0.285725E+06  0.000000E+00  0.000000E+00  0.263392E+04  0.289670E+06  0.971833E+00  0.287844E+06
  0.251909E+00  0.280837E+06  0.277224E+06  0.000000E+00  0.000000E+00  0.243943E+04  0.280828E+06  0.971832E+00  0.279092E+06
  0.258363E+00  0.271976E+06  0.268602E+06  0.000000E+00  0.000000E+00  0.225911E+04  0.271965E+06  0.971831E+00  0.270304E+06
  0.264816E+00  0.262800E+06  0.259547E+06  0.000000E+00  0.000000E+00  0.208924E+04  0.262789E+06  0.971831E+00  0.261186E+06
  0.271270E+00  0.253342E+06  0.250114E+06  0.000000E+00  0.000000E+00  0.192934E+04  0.253330E+06  0.971830E+00  0.251771E+06
  0.277723E+00  0.243920E+06  0.240672E+06  0.000000E+00  0.000000E+00  0.178094E+04  0.243907E+06  0.971829E+00  0.242385E+06
  0.284176E+00  0.234954E+06  0.231696E+06  0.000000E+00  0.000000E+00  0.164616E+04  0.234941E+06  0.971829E+00  0.233455E+06
  0.290630E+00  0.226758E+06  0.223536E+06  0.000000E+00  0.000000E+00  0.152580E+04  0.226744E+06  0.971828E+00  0.225298E+06
  0.297083E+00  0.219446E+06  0.216321E+06  0.000000E+00  0.000000E+00  0.141928E+04  0.219432E+06  0.971828E+00  0.218033E+06
  0.303537E+00  0.212947E+06  0.209967E+06  0.000000E+00  0.000000E+00  0.132488E+04  0.212932E+06  0.971827E+00  0.211583E+06
  0.309990E+00  0.207045E+06  0.204230E+06  0.000000E+00  0.000000E+00  0.124009E+04  0.207029E+06  0.971827E+00  0.205732E+06
  0.316443E+00  0.201467E+06  0.198806E+06  0.000000E+00  0.000000E+00  0.116243E+04  0.201450E+06  0.971826E+00  0.200201E+06
  0.322897E+00  0.195981E+06  0.193441E+06  0.000000E+00  0.000000E+00  0.109004E+04  0.195963E+06  0.971826E+00  0.194757E+06
  0.329350E+00  0.190466E+06  0.188004E+06  0.000000E+00  0.000000E+00  0.102185E+04  0.190447E+06  0.971826E+00  0.189277E+06
  0.335804E+00  0.184923E+06  0.182505E+06  0.000000E+00  0.000000E+00  0.957498E+03  0.184903E+06  0.971825E+00  0.183763E+06
  0.342257E+00  0.179444E+06  0.177051E+06  0.000000E+00  0.000000E+00  0.897285E+03  0.179423E+06  0.971825E+00  0.178311E+06
  0.348711E+00  0.174167E+06  0.171798E+06  0.000000E+00  0.000000E+00  0.841532E+03  0.174146E+06  0.971824E+00  0.173061E+06
  0.355164E+00  0.169214E+06  0.166882E+06  0.000000E+00  0.000000E+00  0.790472E+03  0.169191E+06  0.971824E+00  0.168134E+06
  0.361617E+00  0.164630E+06  0.162355E+06  0.000000E+00  0.000000E+00  0.743972E+03  0.164606E+06  0.971824E+00  0.163578E+06
  0.368071E+00  0.160390E+06  0.158188E+06  0.000000E+00  0.000000E+00  0.701549E+03  0.160365E+06  0.971824E+00  0.159367E+06
  0.374524E+00  0.156430E+06  0.154310E+06  0.000000E+00  0.000000E+00  0.662611E+03  0.156405E+06  0.971823E+00  0.155437E+06
  0.380978E+00  0.152665E+06  0.150624E+06  0.000000E+00  0.000000E+00  0.626554E+03  0.152639E+06  0.971823E+00  0.151700E+06
  0.387431E+00  0.149002E+06  0.147028E+06  0.000000E+00  0.000000E+00  0.592787E+03  0.148974E+06  0.971823E+00  0.148062E+06
  0.393884E+00  0.145384E+06  0.143463E+06  0.000000E+00  0.000000E+00  0.560905E+03  0.145355E+06  0.971822E+00  0.144468E+06
  0.400338E+00  0.141813E+06  0.139933E+06  0.000000E+00  0.000000E+00  0.530846E+03  0.141783E+06  0.971822E+00  0.140918E+06
  0.406791E+00  0.138315E+06  0.136466E+06  0.000000E+00  0.000000E+00  0.502553E+03  0.138284E+06  0.971822E+00  0.137440E+06
  0.413245E+00  0.134921E+06  0.133101E+06  0.000000E+00  0.000000E+00  0.476011E+03  0.134888E+06  0.971822E+00  0.134064E+06
  0.419698E+00  0.131669E+06  0.129881E+06  0.000000E+00  0.000000E+00  0.451277E+03  0.131635E+06  0.971821E+00  0.130831E+06
  0.426151E+00  0.128586E+06  0.126837E+06  0.000000E+00  0.000000E+00  0.428310E+03  0.128551E+06  0.971821E+00  0.127767E+06
  0.432605E+00  0.125672E+06  0.123965E+06  0.000000E+00  0.000000E+00  0.406978E+03  0.125635E+06  0.971821E+00  0.124871E+06
  0.439058E+00  0.122900E+06  0.121239E+06  0.000000E+00  0.000000E+00  0.387103E+03  0.122862E+06  0.971821E+00  0.122118E+06
  0.445512E+00  0.120239E+06  0.118623E+06  0.000000E+00  0.000000E+00  0.368496E+03  0.120200E+06  0.971821E+00  0.119475E+06
  0.451965E+00  0.117661E+06  0.116087E+06  0.000000E+00  0.000000E+00  0.350971E+03  0.117621E+06  0.971820E+00  0.116915E+06
  0.458419E+00  0.115145E+06  0.113607E+06  0.000000E+00  0.000000E+00  0.334422E+03  0.115103E+06  0.971820E+00  0.114414E+06
  0.464872E+00  0.112679E+06  0.111173E+06  0.000000E+00  0.000000E+00  0.318746E+03  0.112635E+06  0.971820E+00  0.111964E+06
  0.471325E+00  0.110269E+06  0.108791E+06  0.000000E+00  0.000000E+00  0.303911E+03  0.110224E+06  0.971820E+00  0.109568E+06
  0.477779E+00  0.107927E+06  0.106475E+06  0.000000E+00  0.000000E+00  0.289912E+03  0.107880E+06  0.971820E+00  0.107240E+06
  0.484232E+00  0.105663E+06  0.104237E+06  0.000000E+00  0.000000E+00  0.276719E+03  0.105615E+06  0.971819E+00  0.104990E+06
  0.490686E+00  0.103483E+06  0.102084E+06  0.000000E+00  0.000000E+00  0.264302E+03  0.103433E+06  0.971819E+00  0.102823E+06
  0.497139E+00  0.101390E+06  0.100020E+06  0.000000E+00  0.000000E+00  0.252619E+03  0.101338E+06  0.971819E+00  0.100743E+06
  0.503592E+00  0.993769E+05  0.980362E+05  0.000000E+00  0.000000E+00  0.241625E+03  0.993241E+05  0.971819E+00  0.987432E+05
  0.510046E+00  0.974329E+05  0.961212E+05  0.000000E+00  0.000000E+00  0.231235E+03  0.973784E+05  0.971819E+00  0.968117E+05
  0.516499E+00  0.955461E+05  0.942624E+05  0.000000E+00  0.000000E+00  0.221404E+03  0.954899E+05  0.971819E+00  0.949372E+05
  0.522953E+00  0.937097E+05  0.924520E+05  0.000000E+00  0.000000E+00  0.212077E+03  0.936518E+05  0.971818E+00  0.931124E+05
  0.529406E+00  0.919180E+05  0.906843E+05  0.000000E+00  0.000000E+00  0.203222E+03  0.918584E+05  0.971818E+00  0.913319E+05
  0.535860E+00  0.901683E+05  0.889569E+05  0.000000E+00  0.000000E+00  0.194805E+03  0.901069E+05  0.971818E+00  0.895929E+05
  0.542313E+00  0.884630E+05  0.872727E+05  0.000000E+00  0.000000E+00  0.186803E+03  0.883998E+05  0.971818E+00  0.878980E+05
  0.548766E+00  0.868066E+05  0.856370E+05  0.000000E+00  0.000000E+00  0.179213E+03  0.867416E+05  0.971818E+00  0.862517E+05
  0.555220E+00  0.852006E+05  0.840516E+05  0.000000E+00  0.000000E+00  0.172009E+03  0.851338E+05  0.971817E+00  0.846556E+05
  0.561673E+00  0.836437E+05  0.825154E+05  0.000000E+00  0.000000E+00  0.165177E+03  0.835750E+05  0.971817E+00  0.831083E+05
  0.568127E+00  0.821344E+05  0.810267E+05  0.000000E+00  0.000000E+00  0.158687E+03  0.820638E+05  0.971817E+00  0.816084E+05
  0.574580E+00  0.806703E+05  0.795831E+05  0.000000E+00  0.000000E+00  0.152524E+03  0.805978E+05  0.971817E+00  0.801536E+05
  0.581033E+00  0.792464E+05  0.781792E+05  0.000000E+00  0.000000E+00  0.146657E+03  0.791719E+05  0.971817E+00  0.787386E+05
  0.587487E+00  0.778581E+05  0.768101E+05  0.000000E+00  0.000000E+00  0.141073E+03  0.777817E+05  0.971816E+00  0.773591E+05
  0.593940E+00  0.765033E+05  0.754736E+05  0.000000E+00  0.000000E+00  0.135739E+03  0.764250E+05  0.971816E+00  0.760128E+05
  0.600394E+00  0.751817E+05  0.741694E+05  0.000000E+00  0.000000E+00  0.130651E+03  0.751014E+05  0.971816E+00  0.746993E+05
  0.606847E+00  0.738918E+05  0.728963E+05  0.000000E+00  0.000000E+00  0.125803E+03  0.738094E+05  0.971816E+00  0.734173E+05
  0.613300E+00  0.726335E+05  0.716542E+05  0.000000E+00  0.000000E+00  0.121166E+03  0.725490E+05  0.971816E+00  0.721667E+05
  0.619754E+00  0.714073E+05  0.704441E+05  0.000000E+00  0.000000E+00  0.116744E+03  0.713208E+05  0.971815E+00  0.709481E+05
  0.626207E+00  0.702140E+05  0.692666E+05  0.000000E+00  0.000000E+00  0.112528E+03  0.701254E+05  0.971815E+00  0.697621E+05
  0.673613E+00  0.623018E+05  0.614606E+05  0.000000E+00  0.000000E+00  0.867281E+02  0.621973E+05  0.971814E+00  0.618987E+05
  0.724609E+00  0.551651E+05  0.544189E+05  0.000000E+00  0.000000E+00  0.666635E+02  0.550427E+05  0.971812E+00  0.548057E+05
  0.779464E+00  0.487322E+05  0.480713E+05  0.000000E+00  0.000000E+00  0.510973E+02  0.485899E+05  0.971809E+00  0.484118E+05
  0.838472E+00  0.429347E+05  0.423506E+05  0.000000E+00  0.000000E+00  0.390424E+02  0.427711E+05  0.971806E+00  0.426493E+05
  0.901948E+00  0.377171E+05  0.372020E+05  0.000000E+00  0.000000E+00  0.297307E+02  0.375314E+05  0.971802E+00  0.374628E+05
  0.970229E+00  0.330343E+05  0.325812E+05  0.000000E+00  0.000000E+00  0.225640E+02  0.328272E+05  0.971796E+00  0.328079E+05
  0.104368E+01  0.288542E+05  0.284565E+05  0.000000E+00  0.000000E+00  0.170718E+02  0.286275E+05  0.971789E+00  0.286527E+05
  0.108310E+01  0.269160E+05  0.265441E+05  0.000000E+00  0.000000E+00  0.148031E+02  0.266806E+05  0.971785E+00  0.267261E+05
  0.113863E+01  0.244962E+05  0.241566E+05  0.000000E+00  0.000000E+00  0.122064E+02  0.242504E+05  0.971777E+00  0.243208E+05
  0.119701E+01  0.222957E+05  0.219857E+05  0.000000E+00  0.000000E+00  0.100647E+02  0.220410E+05  0.971769E+00  0.221335E+05
  0.125838E+01  0.203083E+05  0.200252E+05  0.000000E+00  0.000000E+00  0.830366E+01  0.200458E+05  0.971758E+00  0.201582E+05
  0.132290E+01  0.185241E+05  0.182654E+05  0.000000E+00  0.000000E+00  0.686007E+01  0.182534E+05  0.971746E+00  0.183847E+05
  0.139073E+01  0.169262E+05  0.166894E+05  0.000000E+00  0.000000E+00  0.567655E+01  0.166455E+05  0.971730E+00  0.167962E+05
  0.146203E+01  0.154903E+05  0.152732E+05  0.000000E+00  0.000000E+00  0.470385E+01  0.151963E+05  0.971712E+00  0.153686E+05
  0.153699E+01  0.141861E+05  0.139867E+05  0.000000E+00  0.000000E+00  0.390004E+01  0.138748E+05  0.971689E+00  0.140713E+05
  0.161579E+01  0.129830E+05  0.127996E+05  0.000000E+00  0.000000E+00  0.323120E+01  0.126513E+05  0.971662E+00  0.128743E+05
  0.169864E+01  0.118595E+05  0.116909E+05  0.000000E+00  0.000000E+00  0.267162E+01  0.115073E+05  0.971629E+00  0.117563E+05
  0.178573E+01  0.108104E+05  0.106556E+05  0.000000E+00  0.000000E+00  0.220411E+01  0.104400E+05  0.971589E+00  0.107124E+05
  0.187729E+01  0.984436E+04  0.970257E+04  0.000000E+00  0.000000E+00  0.181639E+01  0.945878E+04  0.971541E+00  0.975136E+04
  0.197353E+01  0.897052E+04  0.884077E+04  0.000000E+00  0.000000E+00  0.149784E+01  0.856930E+04  0.971484E+00  0.888192E+04
  0.207472E+01  0.818187E+04  0.806305E+04  0.000000E+00  0.000000E+00  0.123596E+01  0.776172E+04  0.971414E+00  0.809689E+04
  0.218109E+01  0.745885E+04  0.734985E+04  0.000000E+00  0.000000E+00  0.101944E+01  0.701857E+04  0.971331E+00  0.737695E+04
  0.229292E+01  0.679109E+04  0.669107E+04  0.000000E+00  0.000000E+00  0.839576E+00  0.633370E+04  0.971232E+00  0.671213E+04
  0.241048E+01  0.618381E+04  0.609217E+04  0.000000E+00  0.000000E+00  0.691491E+00  0.571021E+04  0.971113E+00  0.610751E+04
  0.253407E+01  0.563435E+04  0.555044E+04  0.000000E+00  0.000000E+00  0.569828E+00  0.514198E+04  0.970972E+00  0.556017E+04
  0.266399E+01  0.512980E+04  0.505287E+04  0.000000E+00  0.000000E+00  0.469082E+00  0.462076E+04  0.970804E+00  0.505759E+04
  0.280058E+01  0.467004E+04  0.459950E+04  0.000000E+00  0.000000E+00  0.386125E+00  0.414557E+04  0.970605E+00  0.459961E+04
  0.294417E+01  0.425264E+04  0.418804E+04  0.000000E+00  0.000000E+00  0.317843E+00  0.371183E+04  0.970372E+00  0.418367E+04
  0.309512E+01  0.387105E+04  0.381183E+04  0.000000E+00  0.000000E+00  0.261538E+00  0.331681E+04  0.970096E+00  0.380353E+04
  0.325381E+01  0.352433E+04  0.347007E+04  0.000000E+00  0.000000E+00  0.215207E+00  0.295626E+04  0.969774E+00  0.345801E+04
  0.342063E+01  0.320842E+04  0.315871E+04  0.000000E+00  0.000000E+00  0.177010E+00  0.262912E+04  0.969398E+00  0.314330E+04
  0.359602E+01  0.292076E+04  0.287521E+04  0.000000E+00  0.000000E+00  0.145613E+00  0.233128E+04  0.968963E+00  0.285674E+04
  0.378039E+01  0.265928E+04  0.261755E+04  0.000000E+00  0.000000E+00  0.119751E+00  0.206121E+04  0.968461E+00  0.259632E+04
  0.397421E+01  0.242122E+04  0.238299E+04  0.000000E+00  0.000000E+00  0.984703E-01  0.181695E+04  0.967883E+00  0.235935E+04
  0.417797E+01  0.220461E+04  0.216958E+04  0.000000E+00  0.000000E+00  0.809820E-01  0.159619E+04  0.967224E+00  0.214384E+04
  0.439218E+01  0.200768E+04  0.197559E+04  0.000000E+00  0.000000E+00  0.665898E-01  0.139717E+04  0.966477E+00  0.194805E+04
  0.461737E+01  0.182856E+04  0.179918E+04  0.000000E+00  0.000000E+00  0.547554E-01  0.121823E+04  0.965635E+00  0.177013E+04
  0.485411E+01  0.166567E+04  0.163875E+04  0.000000E+00  0.000000E+00  0.450263E-01  0.105783E+04  0.964693E+00  0.160850E+04
  0.510299E+01  0.151752E+04  0.149287E+04  0.000000E+00  0.000000E+00  0.370189E-01  0.914525E+03  0.963648E+00  0.146169E+04
  0.536462E+01  0.138277E+04  0.136020E+04  0.000000E+00  0.000000E+00  0.304446E-01  0.787110E+03  0.962497E+00  0.132840E+04
  0.563967E+01  0.126023E+04  0.123955E+04  0.000000E+00  0.000000E+00  0.250436E-01  0.674166E+03  0.961236E+00  0.120739E+04
  0.592883E+01  0.114874E+04  0.112981E+04  0.000000E+00  0.000000E+00  0.205989E-01  0.574504E+03  0.959873E+00  0.109755E+04
  0.623281E+01  0.104733E+04  0.102999E+04  0.000000E+00  0.000000E+00  0.169486E-01  0.486974E+03  0.958409E+00  0.997861E+03
  0.655237E+01  0.955042E+03  0.939172E+03  0.000000E+00  0.000000E+00  0.139434E-01  0.410544E+03  0.956852E+00  0.907393E+03
  0.688831E+01  0.871051E+03  0.856521E+03  0.000000E+00  0.000000E+00  0.114774E-01  0.344160E+03  0.955214E+00  0.825297E+03
  0.724148E+01  0.794585E+03  0.781281E+03  0.000000E+00  0.000000E+00  0.944540E-02  0.286842E+03  0.953505E+00  0.750793E+03
  0.761276E+01  0.724958E+03  0.712778E+03  0.000000E+00  0.000000E+00  0.777809E-02  0.237629E+03  0.951744E+00  0.683179E+03
  0.800308E+01  0.661535E+03  0.650384E+03  0.000000E+00  0.000000E+00  0.640657E-02  0.195680E+03  0.949948E+00  0.621807E+03
  0.841341E+01  0.603751E+03  0.593542E+03  0.000000E+00  0.000000E+00  0.527722E-02  0.160149E+03  0.948137E+00  0.566096E+03
  0.884477E+01  0.551087E+03  0.541739E+03  0.000000E+00  0.000000E+00  0.434796E-02  0.130269E+03  0.946331E+00  0.515510E+03
  0.929825E+01  0.503075E+03  0.494516E+03  0.000000E+00  0.000000E+00  0.358357E-02  0.105310E+03  0.944549E+00  0.469566E+03
  0.977498E+01  0.459291E+03  0.451454E+03  0.000000E+00  0.000000E+00  0.295426E-02  0.846190E+02  0.942813E+00  0.427824E+03
  0.102762E+02  0.419353E+03  0.412177E+03  0.000000E+00  0.000000E+00  0.243738E-02  0.675890E+02  0.941142E+00  0.389889E+03
  0.108030E+02  0.382915E+03  0.376343E+03  0.000000E+00  0.000000E+00  0.200941E-02  0.536680E+02  0.939550E+00  0.355400E+03
  0.113569E+02  0.349660E+03  0.343641E+03  0.000000E+00  0.000000E+00  0.165847E-02  0.423783E+02  0.938050E+00  0.324032E+03
  0.119392E+02  0.319306E+03  0.313792E+03  0.000000E+00  0.000000E+00  0.136844E-02  0.332775E+02  0.936653E+00  0.295490E+03
  0.125513E+02  0.291592E+03  0.286541E+03  0.000000E+00  0.000000E+00  0.112878E-02  0.260001E+02  0.935367E+00  0.269509E+03
  0.131948E+02  0.266286E+03  0.261658E+03  0.000000E+00  0.000000E+00  0.931953E-03  0.202126E+02  0.934194E+00  0.245851E+03
  0.138714E+02  0.243176E+03  0.238935E+03  0.000000E+00  0.000000E+00  0.769004E-03  0.156436E+02  0.933132E+00  0.224299E+03
  0.145826E+02  0.222068E+03  0.218181E+03  0.000000E+00  0.000000E+00  0.635292E-03  0.120549E+02  0.932184E+00  0.204659E+03
  0.153302E+02  0.202788E+03  0.199223E+03  0.000000E+00  0.000000E+00  0.524540E-03  0.925415E+01  0.931344E+00  0.186756E+03
  0.161162E+02  0.185176E+03  0.181906E+03  0.000000E+00  0.000000E+00  0.433110E-03  0.707950E+01  0.930604E+00  0.170430E+03
  0.169425E+02  0.169086E+03  0.166087E+03  0.000000E+00  0.000000E+00  0.357628E-03  0.539757E+01  0.929960E+00  0.155539E+03
  0.178112E+02  0.154388E+03  0.151635E+03  0.000000E+00  0.000000E+00  0.295298E-03  0.410369E+01  0.929395E+00  0.141954E+03
  0.187244E+02  0.140960E+03  0.138433E+03  0.000000E+00  0.000000E+00  0.243951E-03  0.311275E+01  0.928909E+00  0.129557E+03
  0.196844E+02  0.128693E+03  0.126371E+03  0.000000E+00  0.000000E+00  0.201419E-03  0.235549E+01  0.928491E+00  0.118244E+03
  0.206936E+02  0.117486E+03  0.115353E+03  0.000000E+00  0.000000E+00  0.166350E-03  0.177883E+01  0.928129E+00  0.107917E+03
  0.217546E+02  0.107249E+03  0.105287E+03  0.000000E+00  0.000000E+00  0.137411E-03  0.134098E+01  0.927821E+00  0.984899E+02
  0.228700E+02  0.978979E+02  0.960925E+02  0.000000E+00  0.000000E+00  0.113404E-03  0.100958E+01  0.927554E+00  0.898838E+02
  0.240426E+02  0.893561E+02  0.876938E+02  0.000000E+00  0.000000E+00  0.936734E-04  0.758910E+00  0.927321E+00  0.820267E+02
  0.252753E+02  0.815540E+02  0.800223E+02  0.000000E+00  0.000000E+00  0.773515E-04  0.570211E+00  0.927120E+00  0.748530E+02
  0.265712E+02  0.744281E+02  0.730155E+02  0.000000E+00  0.000000E+00  0.638625E-04  0.427672E+00  0.926943E+00  0.683033E+02
  0.279335E+02  0.679201E+02  0.666162E+02  0.000000E+00  0.000000E+00  0.527315E-04  0.320794E+00  0.926786E+00  0.623233E+02
  0.293657E+02  0.619768E+02  0.607721E+02  0.000000E+00  0.000000E+00  0.435141E-04  0.240358E+00  0.926645E+00  0.568635E+02
  0.308713E+02  0.565497E+02  0.554355E+02  0.000000E+00  0.000000E+00  0.359272E-04  0.179895E+00  0.926513E+00  0.518788E+02
  0.324541E+02  0.515941E+02  0.505625E+02  0.000000E+00  0.000000E+00  0.296696E-04  0.134619E+00  0.926392E+00  0.473280E+02
  0.341180E+02  0.470695E+02  0.461130E+02  0.000000E+00  0.000000E+00  0.244905E-04  0.100728E+00  0.926277E+00  0.431734E+02
  0.358673E+02  0.429386E+02  0.420507E+02  0.000000E+00  0.000000E+00  0.202138E-04  0.753751E-01  0.926161E+00  0.393807E+02
  0.377063E+02  0.391674E+02  0.383420E+02  0.000000E+00  0.000000E+00  0.166808E-04  0.563564E-01  0.926049E+00  0.359187E+02
  0.396395E+02  0.357249E+02  0.349565E+02  0.000000E+00  0.000000E+00  0.137521E-04  0.420987E-01  0.925936E+00  0.327586E+02
  0.416719E+02  0.325826E+02  0.318661E+02  0.000000E+00  0.000000E+00  0.113615E-04  0.314491E-01  0.925817E+00  0.298742E+02
  0.438084E+02  0.297145E+02  0.290452E+02  0.000000E+00  0.000000E+00  0.937682E-05  0.235074E-01  0.925690E+00  0.272417E+02
  0.460545E+02  0.270970E+02  0.264707E+02  0.000000E+00  0.000000E+00  0.772587E-05  0.175405E-01  0.925561E+00  0.248392E+02
  0.484158E+02  0.247082E+02  0.241211E+02  0.000000E+00  0.000000E+00  0.637248E-05  0.130984E-01  0.925419E+00  0.226467E+02
  0.508981E+02  0.225283E+02  0.219769E+02  0.000000E+00  0.000000E+00  0.525926E-05  0.979739E-02  0.925269E+00  0.206460E+02
  0.535077E+02  0.205392E+02  0.200202E+02  0.000000E+00  0.000000E+00  0.434267E-05  0.731458E-02  0.925106E+00  0.188204E+02
  0.562511E+02  0.187243E+02  0.182348E+02  0.000000E+00  0.000000E+00  0.358188E-05  0.545630E-02  0.924929E+00  0.171548E+02
  0.591352E+02  0.170685E+02  0.166058E+02  0.000000E+00  0.000000E+00  0.294900E-05  0.407453E-02  0.924731E+00  0.156351E+02
  0.621671E+02  0.155579E+02  0.151195E+02  0.000000E+00  0.000000E+00  0.243043E-05  0.303293E-02  0.924521E+00  0.142487E+02
  0.653545E+02  0.141799E+02  0.137637E+02  0.000000E+00  0.000000E+00  0.200464E-05  0.226875E-02  0.924289E+00  0.129840E+02
  0.687053E+02  0.129229E+02  0.125268E+02  0.000000E+00  0.000000E+00  0.165514E-05  0.168934E-02  0.924032E+00  0.118303E+02
  0.722279E+02  0.117763E+02  0.113985E+02  0.000000E+00  0.000000E+00  0.136511E-05  0.126404E-02  0.923749E+00  0.107780E+02
  0.759311E+02  0.107305E+02  0.103693E+02  0.000000E+00  0.000000E+00  0.112292E-05  0.938436E-03  0.923437E+00  0.981823E+01
  0.798242E+02  0.977678E+01  0.943064E+01  0.000000E+00  0.000000E+00  0.924983E-06  0.702116E-03  0.923094E+00  0.894289E+01
  0.839168E+02  0.890701E+01  0.857455E+01  0.000000E+00  0.000000E+00  0.762958E-06  0.522965E-03  0.922718E+00  0.814462E+01
  0.882193E+02  0.811385E+01  0.779380E+01  0.000000E+00  0.000000E+00  0.629375E-06  0.390079E-03  0.922308E+00  0.741664E+01
  0.927425E+02  0.739059E+01  0.708182E+01  0.000000E+00  0.000000E+00  0.518301E-06  0.291660E-03  0.921852E+00  0.675283E+01
  0.974974E+02  0.673114E+01  0.643260E+01  0.000000E+00  0.000000E+00  0.427058E-06  0.217775E-03  0.921348E+00  0.614756E+01
  0.102496E+03  0.612986E+01  0.584062E+01  0.000000E+00  0.000000E+00  0.351655E-06  0.160738E-03  0.920793E+00  0.559569E+01
  0.107751E+03  0.558169E+01  0.530090E+01  0.000000E+00  0.000000E+00  0.289030E-06  0.120759E-03  0.920188E+00  0.509256E+01
  0.113276E+03  0.508193E+01  0.480882E+01  0.000000E+00  0.000000E+00  0.238170E-06  0.901461E-04  0.919518E+00  0.463386E+01
  0.119084E+03  0.462637E+01  0.436026E+01  0.000000E+00  0.000000E+00  0.196190E-06  0.664545E-04  0.918777E+00  0.421572E+01
  0.125189E+03  0.421111E+01  0.395138E+01  0.000000E+00  0.000000E+00  0.161269E-06  0.497852E-04  0.917966E+00  0.383458E+01
  0.131608E+03  0.383258E+01  0.357869E+01  0.000000E+00  0.000000E+00  0.133068E-06  0.368085E-04  0.917082E+00  0.348715E+01
  0.138355E+03  0.348759E+01  0.323905E+01  0.000000E+00  0.000000E+00  0.109371E-06  0.277811E-04  0.916105E+00  0.317051E+01
  0.145449E+03  0.317316E+01  0.292954E+01  0.000000E+00  0.000000E+00  0.900431E-07  0.202948E-04  0.915028E+00  0.288193E+01
  0.152906E+03  0.288662E+01  0.264754E+01  0.000000E+00  0.000000E+00  0.740173E-07  0.154649E-04  0.913855E+00  0.261895E+01
  0.160746E+03  0.262549E+01  0.239065E+01  0.000000E+00  0.000000E+00  0.609204E-07  0.112509E-04  0.912562E+00  0.237931E+01
  0.168988E+03  0.238755E+01  0.215665E+01  0.000000E+00  0.000000E+00  0.500864E-07  0.850814E-05  0.911157E+00  0.216096E+01
  0.177652E+03  0.217075E+01  0.194357E+01  0.000000E+00  0.000000E+00  0.409900E-07  0.623667E-05  0.909613E+00  0.196204E+01
  0.186760E+03  0.197322E+01  0.174957E+01  0.000000E+00  0.000000E+00  0.336580E-07  0.463222E-05  0.907927E+00  0.178081E+01
  0.196336E+03  0.179327E+01  0.157300E+01  0.000000E+00  0.000000E+00  0.277125E-07  0.346266E-05  0.906087E+00  0.161574E+01
  0.206402E+03  0.162935E+01  0.141236E+01  0.000000E+00  0.000000E+00  0.226747E-07  0.262688E-05  0.904076E+00  0.146541E+01
  0.216985E+03  0.148003E+01  0.126624E+01  0.000000E+00  0.000000E+00  0.186443E-07  0.184324E-05  0.901896E+00  0.132850E+01
  0.228110E+03  0.134405E+01  0.113342E+01  0.000000E+00  0.000000E+00  0.152663E-07  0.144216E-05  0.899529E+00  0.120386E+01
  0.239805E+03  0.122020E+01  0.101274E+01  0.000000E+00  0.000000E+00  0.125122E-07  0.100500E-05  0.896956E+00  0.109039E+01
  0.252100E+03  0.110745E+01  0.903169E+00  0.000000E+00  0.000000E+00  0.102749E-07  0.746867E-06  0.894171E+00  0.987120E+00
  0.265025E+03  0.100479E+01  0.803758E+00  0.000000E+00  0.000000E+00  0.840826E-08  0.575576E-06  0.891173E+00  0.893157E+00
  0.278614E+03  0.911337E+00  0.713641E+00  0.000000E+00  0.000000E+00  0.684629E-08  0.404015E-06  0.887931E+00  0.807682E+00
  0.292898E+03  0.826292E+00  0.632041E+00  0.000000E+00  0.000000E+00  0.560427E-08  0.299968E-06  0.884461E+00  0.729959E+00
  0.307916E+03  0.748906E+00  0.558236E+00  0.000000E+00  0.000000E+00  0.457742E-08  0.215873E-06  0.880734E+00  0.659306E+00
  0.323703E+03  0.678512E+00  0.491580E+00  0.000000E+00  0.000000E+00  0.376222E-08  0.173178E-06  0.876759E+00  0.595112E+00
  0.340299E+03  0.614494E+00  0.431474E+00  0.000000E+00  0.000000E+00  0.304239E-08  0.120105E-06  0.872535E+00  0.536812E+00
  0.357747E+03  0.556289E+00  0.377371E+00  0.000000E+00  0.000000E+00  0.250910E-08  0.933614E-07  0.868070E+00  0.483892E+00
  0.376089E+03  0.503394E+00  0.328778E+00  0.000000E+00  0.000000E+00  0.203918E-08  0.787808E-07  0.863349E+00  0.435889E+00
  0.395372E+03  0.455339E+00  0.285232E+00  0.000000E+00  0.000000E+00  0.165995E-08  0.586363E-07  0.858405E+00  0.392373E+00
  0.415643E+03  0.411705E+00  0.246316E+00  0.000000E+00  0.000000E+00  0.134454E-08  0.400845E-07  0.853250E+00  0.352958E+00
  0.436953E+03  0.372103E+00  0.211637E+00  0.000000E+00  0.000000E+00  0.109645E-08  0.304053E-07  0.847896E+00  0.317286E+00
  0.459357E+03  0.336179E+00  0.180834E+00  0.000000E+00  0.000000E+00  0.890815E-09  0.177192E-07  0.842405E+00  0.285030E+00
  0.482908E+03  0.303615E+00  0.153573E+00  0.000000E+00  0.000000E+00  0.728201E-09  0.137825E-07  0.836795E+00  0.255893E+00
  0.507668E+03  0.274112E+00  0.129540E+00  0.000000E+00  0.000000E+00  0.595047E-09  0.864782E-08  0.831118E+00  0.229600E+00
  0.533696E+03  0.247404E+00  0.108442E+00  0.000000E+00  0.000000E+00  0.479417E-09  0.858009E-08  0.825459E+00  0.205901E+00
  0.561059E+03  0.223243E+00  0.900064E-01  0.000000E+00  0.000000E+00  0.389741E-09  0.438437E-08  0.819873E+00  0.184564E+00
  0.589825E+03  0.201402E+00  0.739748E-01  0.000000E+00  0.000000E+00  0.314388E-09  0.537139E-08  0.814466E+00  0.165375E+00
  0.620066E+03  0.181673E+00  0.601096E-01  0.000000E+00  0.000000E+00  0.252659E-09  0.234243E-08  0.809341E+00  0.148138E+00
  0.651858E+03  0.163864E+00  0.481876E-01  0.000000E+00  0.000000E+00  0.203859E-09  0.298438E-08  0.804637E+00  0.132672E+00
  0.685279E+03  0.147801E+00  0.380047E-01  0.000000E+00  0.000000E+00  0.167841E-09  0.154978E-08  0.800509E+00  0.118811E+00
  0.720414E+03  0.133319E+00  0.293729E-01  0.000000E+00  0.000000E+00  0.134418E-09  0.148506E-08  0.797125E+00  0.106401E+00
  0.757351E+03  0.120269E+00  0.221217E-01  0.000000E+00  0.000000E+00  0.109721E-09  0.857114E-09  0.794705E+00  0.953001E-01
  0.796180E+03  0.108514E+00  0.160986E-01  0.000000E+00  0.000000E+00  0.872233E-10  0.626680E-09  0.793476E+00  0.853808E-01
  0.837003E+03  0.979273E-01  0.111657E-01  0.000000E+00  0.000000E+00  0.704185E-10  0.321906E-09  0.793665E+00  0.765239E-01
  0.879916E+03  0.883928E-01  0.720041E-02  0.000000E+00  0.000000E+00  0.603383E-10  0.226324E-09  0.795514E+00  0.686224E-01
  0.925029E+03  0.798048E-01  0.409052E-02  0.000000E+00  0.000000E+00  0.474926E-10  0.332786E-09  0.799229E+00  0.615776E-01
  0.972458E+03  0.720673E-01  0.173258E-02  0.000000E+00  0.000000E+00  0.392719E-10  0.215948E-09  0.804961E+00  0.553000E-01
  0.102232E+04  0.650944E-01  0.288109E-04  0.000000E+00  0.000000E+00  0.314352E-10  0.186544E-09  0.812776E+00  0.497088E-01
