  0.109719E-04  0.716337E+07  0.716337E+07  0.954933E+07  0.954932E+07  0.716829E+07  0.716337E+07  0.976670E+00  0.716339E+07
  0.115344E-04  0.716337E+07  0.716337E+07  0.954914E+07  0.954913E+07  0.716829E+07  0.716337E+07  0.976670E+00  0.716339E+07
  0.121258E-04  0.716337E+07  0.716337E+07  0.954892E+07  0.954891E+07  0.716828E+07  0.716337E+07  0.976670E+00  0.716339E+07
  0.127475E-04  0.716337E+07  0.716337E+07  0.954868E+07  0.954867E+07  0.716828E+07  0.716337E+07  0.976670E+00  0.716339E+07
  0.134011E-04  0.716337E+07  0.716337E+07  0.954842E+07  0.954841E+07  0.716827E+07  0.716336E+07  0.976670E+00  0.716339E+07
  0.140882E-04  0.716336E+07  0.716336E+07  0.954813E+07  0.954812E+07  0.716827E+07  0.716336E+07  0.976670E+00  0.716338E+07
  0.148105E-04  0.716336E+07  0.716336E+07  0.954781E+07  0.954780E+07  0.716826E+07  0.716336E+07  0.976670E+00  0.716338E+07
  0.155698E-04  0.716336E+07  0.716336E+07  0.954746E+07  0.954744E+07  0.716825E+07  0.716336E+07  0.976670E+00  0.716338E+07
  0.163681E-04  0.716336E+07  0.716336E+07  0.954707E+07  0.954705E+07  0.716824E+07  0.716336E+07  0.976670E+00  0.716338E+07
  0.172073E-04  0.716336E+07  0.716336E+07  0.954664E+07  0.954662E+07  0.716823E+07  0.716336E+07  0.976670E+00  0.716338E+07
  0.180896E-04  0.716336E+07  0.716336E+07  0.954616E+07  0.954614E+07  0.716822E+07  0.716336E+07  0.976670E+00  0.716338E+07
  0.190170E-04  0.716335E+07  0.716335E+07  0.954564E+07  0.954561E+07  0.716821E+07  0.716335E+07  0.976670E+00  0.716337E+07
  0.199921E-04  0.716335E+07  0.716335E+07  0.954505E+07  0.954503E+07  0.716820E+07  0.716335E+07  0.976670E+00  0.716337E+07
  0.210171E-04  0.716335E+07  0.716335E+07  0.954441E+07  0.954438E+07  0.716819E+07  0.716335E+07  0.976670E+00  0.716337E+07
  0.220947E-04  0.716335E+07  0.716335E+07  0.954370E+07  0.954367E+07  0.716817E+07  0.716334E+07  0.976669E+00  0.716336E+07
  0.232275E-04  0.716334E+07  0.716334E+07  0.954292E+07  0.954288E+07  0.716815E+07  0.716334E+07  0.976669E+00  0.716336E+07
  0.244184E-04  0.716334E+07  0.716334E+07  0.954205E+07  0.954201E+07  0.716814E+07  0.716334E+07  0.976669E+00  0.716336E+07
  0.256703E-04  0.716333E+07  0.716333E+07  0.954109E+07  0.954104E+07  0.716811E+07  0.716333E+07  0.976669E+00  0.716335E+07
  0.269865E-04  0.716333E+07  0.716333E+07  0.954003E+07  0.953998E+07  0.716809E+07  0.716333E+07  0.976669E+00  0.716335E+07
  0.283701E-04  0.716332E+07  0.716332E+07  0.953886E+07  0.953880E+07  0.716807E+07  0.716332E+07  0.976669E+00  0.716334E+07
  0.298247E-04  0.716332E+07  0.716332E+07  0.953756E+07  0.953750E+07  0.716804E+07  0.716332E+07  0.976669E+00  0.716334E+07
  0.313538E-04  0.716331E+07  0.716331E+07  0.953613E+07  0.953607E+07  0.716801E+07  0.716331E+07  0.976668E+00  0.716333E+07
  0.329614E-04  0.716330E+07  0.716330E+07  0.953455E+07  0.953448E+07  0.716797E+07  0.716330E+07  0.976668E+00  0.716332E+07
  0.346513E-04  0.716330E+07  0.716330E+07  0.953280E+07  0.953273E+07  0.716794E+07  0.716330E+07  0.976668E+00  0.716332E+07
  0.364279E-04  0.716329E+07  0.716329E+07  0.953088E+07  0.953079E+07  0.716789E+07  0.716329E+07  0.976668E+00  0.716331E+07
  0.382956E-04  0.716328E+07  0.716328E+07  0.952874E+07  0.952865E+07  0.716785E+07  0.716328E+07  0.976667E+00  0.716330E+07
  0.402591E-04  0.716327E+07  0.716327E+07  0.952639E+07  0.952628E+07  0.716780E+07  0.716327E+07  0.976667E+00  0.716329E+07
  0.423232E-04  0.716326E+07  0.716326E+07  0.952378E+07  0.952367E+07  0.716774E+07  0.716326E+07  0.976666E+00  0.716328E+07
  0.444932E-04  0.716324E+07  0.716324E+07  0.952091E+07  0.952078E+07  0.716768E+07  0.716324E+07  0.976666E+00  0.716326E+07
  0.467744E-04  0.716323E+07  0.716323E+07  0.951773E+07  0.951759E+07  0.716761E+07  0.716323E+07  0.976666E+00  0.716325E+07
  0.491726E-04  0.716321E+07  0.716321E+07  0.951422E+07  0.951406E+07  0.716753E+07  0.716321E+07  0.976665E+00  0.716323E+07
  0.516937E-04  0.716320E+07  0.716320E+07  0.951034E+07  0.951017E+07  0.716745E+07  0.716320E+07  0.976664E+00  0.716322E+07
  0.543441E-04  0.716318E+07  0.716318E+07  0.950606E+07  0.950587E+07  0.716736E+07  0.716318E+07  0.976664E+00  0.716320E+07
  0.571304E-04  0.716316E+07  0.716316E+07  0.950132E+07  0.950111E+07  0.716725E+07  0.716316E+07  0.976663E+00  0.716317E+07
  0.600595E-04  0.716313E+07  0.716313E+07  0.949610E+07  0.949586E+07  0.716714E+07  0.716313E+07  0.976662E+00  0.716315E+07
  0.631388E-04  0.716311E+07  0.716311E+07  0.949032E+07  0.949006E+07  0.716702E+07  0.716311E+07  0.976661E+00  0.716312E+07
  0.663760E-04  0.716308E+07  0.716308E+07  0.948394E+07  0.948366E+07  0.716688E+07  0.716308E+07  0.976660E+00  0.716310E+07
  0.697792E-04  0.716305E+07  0.716305E+07  0.947690E+07  0.947659E+07  0.716672E+07  0.716305E+07  0.976659E+00  0.716306E+07
  0.733568E-04  0.716301E+07  0.716301E+07  0.946912E+07  0.946877E+07  0.716655E+07  0.716301E+07  0.976658E+00  0.716303E+07
  0.771179E-04  0.716298E+07  0.716298E+07  0.946053E+07  0.946015E+07  0.716637E+07  0.716297E+07  0.976657E+00  0.716299E+07
  0.810718E-04  0.716293E+07  0.716293E+07  0.945104E+07  0.945062E+07  0.716616E+07  0.716293E+07  0.976656E+00  0.716295E+07
  0.852285E-04  0.716289E+07  0.716289E+07  0.944057E+07  0.944010E+07  0.716593E+07  0.716289E+07  0.976654E+00  0.716290E+07
  0.895983E-04  0.716284E+07  0.716283E+07  0.942901E+07  0.942849E+07  0.716568E+07  0.716283E+07  0.976652E+00  0.716285E+07
  0.941921E-04  0.716278E+07  0.716278E+07  0.941624E+07  0.941568E+07  0.716540E+07  0.716278E+07  0.976650E+00  0.716279E+07
  0.990214E-04  0.716271E+07  0.716271E+07  0.940216E+07  0.940154E+07  0.716509E+07  0.716271E+07  0.976648E+00  0.716272E+07
  0.104098E-03  0.716264E+07  0.716264E+07  0.938661E+07  0.938593E+07  0.716475E+07  0.716264E+07  0.976646E+00  0.716265E+07
  0.109436E-03  0.716257E+07  0.716257E+07  0.936946E+07  0.936870E+07  0.716438E+07  0.716257E+07  0.976643E+00  0.716258E+07
  0.115046E-03  0.716248E+07  0.716248E+07  0.935054E+07  0.934971E+07  0.716396E+07  0.716248E+07  0.976640E+00  0.716249E+07
  0.120945E-03  0.716239E+07  0.716239E+07  0.932967E+07  0.932875E+07  0.716350E+07  0.716239E+07  0.976637E+00  0.716239E+07
  0.127146E-03  0.716228E+07  0.716228E+07  0.930666E+07  0.930565E+07  0.716300E+07  0.716228E+07  0.976634E+00  0.716229E+07
  0.133665E-03  0.716217E+07  0.716217E+07  0.928129E+07  0.928017E+07  0.716244E+07  0.716217E+07  0.976630E+00  0.716217E+07
  0.140518E-03  0.716204E+07  0.716204E+07  0.925333E+07  0.925210E+07  0.716182E+07  0.716204E+07  0.976626E+00  0.716204E+07
  0.147723E-03  0.716190E+07  0.716190E+07  0.922252E+07  0.922116E+07  0.716113E+07  0.716190E+07  0.976621E+00  0.716190E+07
  0.155296E-03  0.716175E+07  0.716175E+07  0.918858E+07  0.918709E+07  0.716038E+07  0.716175E+07  0.976616E+00  0.716174E+07
  0.163259E-03  0.716158E+07  0.716157E+07  0.915120E+07  0.914957E+07  0.715954E+07  0.716158E+07  0.976610E+00  0.716157E+07
  0.171629E-03  0.716139E+07  0.716139E+07  0.911006E+07  0.910827E+07  0.715862E+07  0.716139E+07  0.976604E+00  0.716138E+07
  0.180429E-03  0.716118E+07  0.716118E+07  0.906480E+07  0.906283E+07  0.715760E+07  0.716118E+07  0.976597E+00  0.716116E+07
  0.189680E-03  0.716095E+07  0.716095E+07  0.901503E+07  0.901286E+07  0.715648E+07  0.716095E+07  0.976589E+00  0.716093E+07
  0.199405E-03  0.716070E+07  0.716069E+07  0.896032E+07  0.895794E+07  0.715523E+07  0.716069E+07  0.976581E+00  0.716067E+07
  0.209628E-03  0.716042E+07  0.716041E+07  0.890022E+07  0.889762E+07  0.715386E+07  0.716041E+07  0.976572E+00  0.716039E+07
  0.220376E-03  0.716010E+07  0.716010E+07  0.883424E+07  0.883139E+07  0.715234E+07  0.716010E+07  0.976562E+00  0.716007E+07
  0.231675E-03  0.715976E+07  0.715976E+07  0.876186E+07  0.875875E+07  0.715067E+07  0.715976E+07  0.976551E+00  0.715972E+07
  0.243553E-03  0.715939E+07  0.715938E+07  0.868251E+07  0.867912E+07  0.714882E+07  0.715938E+07  0.976538E+00  0.715934E+07
  0.256041E-03  0.715897E+07  0.715896E+07  0.859562E+07  0.859192E+07  0.714678E+07  0.715897E+07  0.976525E+00  0.715892E+07
  0.269168E-03  0.715851E+07  0.715850E+07  0.850053E+07  0.849651E+07  0.714453E+07  0.715851E+07  0.976510E+00  0.715845E+07
  0.282969E-03  0.715800E+07  0.715799E+07  0.839661E+07  0.839223E+07  0.714204E+07  0.715800E+07  0.976494E+00  0.715793E+07
  0.297477E-03  0.715744E+07  0.715743E+07  0.828316E+07  0.827841E+07  0.713930E+07  0.715744E+07  0.976476E+00  0.715736E+07
  0.312729E-03  0.715682E+07  0.715681E+07  0.815946E+07  0.815432E+07  0.713627E+07  0.715682E+07  0.976457E+00  0.715673E+07
  0.328763E-03  0.715614E+07  0.715613E+07  0.802480E+07  0.801924E+07  0.713293E+07  0.715614E+07  0.976435E+00  0.715604E+07
  0.345619E-03  0.715539E+07  0.715538E+07  0.787843E+07  0.787244E+07  0.712925E+07  0.715539E+07  0.976412E+00  0.715528E+07
  0.363339E-03  0.715456E+07  0.715455E+07  0.771962E+07  0.771318E+07  0.712518E+07  0.715456E+07  0.976387E+00  0.715444E+07
  0.381968E-03  0.715365E+07  0.715364E+07  0.754766E+07  0.754076E+07  0.712070E+07  0.715365E+07  0.976359E+00  0.715351E+07
  0.401552E-03  0.715265E+07  0.715263E+07  0.736186E+07  0.735451E+07  0.711576E+07  0.715265E+07  0.976329E+00  0.715249E+07
  0.422140E-03  0.715154E+07  0.715152E+07  0.716162E+07  0.715380E+07  0.711031E+07  0.715154E+07  0.976296E+00  0.715136E+07
  0.443783E-03  0.715033E+07  0.715030E+07  0.694640E+07  0.693812E+07  0.710431E+07  0.715032E+07  0.976260E+00  0.715013E+07
  0.466536E-03  0.714899E+07  0.714896E+07  0.671578E+07  0.670706E+07  0.709770E+07  0.714898E+07  0.976222E+00  0.714876E+07
  0.490456E-03  0.714751E+07  0.714748E+07  0.646950E+07  0.646037E+07  0.709043E+07  0.714751E+07  0.976180E+00  0.714727E+07
  0.515602E-03  0.714589E+07  0.714586E+07  0.620748E+07  0.619800E+07  0.708241E+07  0.714589E+07  0.976135E+00  0.714562E+07
  0.542038E-03  0.714411E+07  0.714408E+07  0.592992E+07  0.592013E+07  0.707360E+07  0.714411E+07  0.976087E+00  0.714381E+07
  0.569829E-03  0.714216E+07  0.714212E+07  0.563727E+07  0.562726E+07  0.706391E+07  0.714216E+07  0.976035E+00  0.714182E+07
  0.599045E-03  0.714001E+07  0.713997E+07  0.533035E+07  0.532020E+07  0.705325E+07  0.714001E+07  0.975979E+00  0.713964E+07
  0.629758E-03  0.713766E+07  0.713761E+07  0.501037E+07  0.500022E+07  0.704155E+07  0.713766E+07  0.975920E+00  0.713724E+07
  0.662047E-03  0.713508E+07  0.713502E+07  0.467900E+07  0.466898E+07  0.702869E+07  0.713507E+07  0.975858E+00  0.713462E+07
  0.695990E-03  0.713225E+07  0.713219E+07  0.433843E+07  0.432870E+07  0.701459E+07  0.713225E+07  0.975791E+00  0.713174E+07
  0.731675E-03  0.712916E+07  0.712909E+07  0.399134E+07  0.398208E+07  0.699913E+07  0.712915E+07  0.975722E+00  0.712860E+07
  0.769188E-03  0.712577E+07  0.712571E+07  0.364102E+07  0.363243E+07  0.698219E+07  0.712577E+07  0.975649E+00  0.712515E+07
  0.808625E-03  0.712208E+07  0.712200E+07  0.329128E+07  0.328356E+07  0.696365E+07  0.712208E+07  0.975573E+00  0.712140E+07
  0.850085E-03  0.711804E+07  0.711796E+07  0.294644E+07  0.293979E+07  0.694338E+07  0.711804E+07  0.975494E+00  0.711729E+07
  0.893669E-03  0.711365E+07  0.711356E+07  0.261125E+07  0.260587E+07  0.692123E+07  0.711365E+07  0.975413E+00  0.711282E+07
  0.939489E-03  0.710886E+07  0.710876E+07  0.229072E+07  0.228677E+07  0.689706E+07  0.710886E+07  0.975331E+00  0.710794E+07
  0.987657E-03  0.710365E+07  0.710354E+07  0.198997E+07  0.198756E+07  0.687072E+07  0.710365E+07  0.975248E+00  0.710264E+07
  0.103830E-02  0.709799E+07  0.709786E+07  0.171391E+07  0.171310E+07  0.684205E+07  0.709799E+07  0.975164E+00  0.709688E+07
  0.109153E-02  0.709184E+07  0.709171E+07  0.146695E+07  0.146771E+07  0.681089E+07  0.709184E+07  0.975081E+00  0.709063E+07
  0.114749E-02  0.708519E+07  0.708504E+07  0.125261E+07  0.125480E+07  0.677708E+07  0.708518E+07  0.974999E+00  0.708386E+07
  0.120633E-02  0.707798E+07  0.707781E+07  0.107312E+07  0.107649E+07  0.674046E+07  0.707798E+07  0.974919E+00  0.707652E+07
  0.126818E-02  0.707019E+07  0.707000E+07  0.929037E+06  0.933226E+06  0.670086E+07  0.707018E+07  0.974842E+00  0.706859E+07
  0.133320E-02  0.706177E+07  0.706157E+07  0.818968E+06  0.823511E+06  0.665818E+07  0.706177E+07  0.974768E+00  0.706003E+07
  0.140155E-02  0.705270E+07  0.705248E+07  0.739382E+06  0.743750E+06  0.661234E+07  0.705270E+07  0.974698E+00  0.705080E+07
  0.147341E-02  0.704293E+07  0.704269E+07  0.684711E+06  0.688362E+06  0.656323E+07  0.704293E+07  0.974631E+00  0.704086E+07
  0.154896E-02  0.703242E+07  0.703215E+07  0.647711E+06  0.650163E+06  0.651072E+07  0.703242E+07  0.974569E+00  0.703017E+07
  0.162837E-02  0.702114E+07  0.702083E+07  0.620186E+06  0.621100E+06  0.645476E+07  0.702113E+07  0.974510E+00  0.701869E+07
  0.171186E-02  0.700902E+07  0.700869E+07  0.594016E+06  0.593276E+06  0.639528E+07  0.700902E+07  0.974454E+00  0.700637E+07
  0.179963E-02  0.699603E+07  0.699566E+07  0.562410E+06  0.560173E+06  0.633224E+07  0.699603E+07  0.974401E+00  0.699316E+07
  0.189190E-02  0.698212E+07  0.698172E+07  0.521163E+06  0.517852E+06  0.626566E+07  0.698212E+07  0.974349E+00  0.697902E+07
  0.198890E-02  0.696724E+07  0.696679E+07  0.469587E+06  0.465815E+06  0.619557E+07  0.696723E+07  0.974299E+00  0.696390E+07
  0.209087E-02  0.695133E+07  0.695084E+07  0.410797E+06  0.407198E+06  0.612204E+07  0.695133E+07  0.974249E+00  0.694774E+07
  0.219807E-02  0.693434E+07  0.693380E+07  0.351001E+06  0.348006E+06  0.604520E+07  0.693434E+07  0.974198E+00  0.693049E+07
  0.231077E-02  0.691621E+07  0.691562E+07  0.297750E+06  0.295359E+06  0.596518E+07  0.691621E+07  0.974148E+00  0.691209E+07
  0.242924E-02  0.689690E+07  0.689624E+07  0.257408E+06  0.255073E+06  0.588218E+07  0.689690E+07  0.974098E+00  0.689250E+07
  0.255379E-02  0.687633E+07  0.687560E+07  0.232614E+06  0.229326E+06  0.579639E+07  0.687633E+07  0.974049E+00  0.687164E+07
  0.268473E-02  0.685445E+07  0.685365E+07  0.220801E+06  0.215460E+06  0.570803E+07  0.685445E+07  0.974001E+00  0.684947E+07
  0.282238E-02  0.683120E+07  0.683032E+07  0.000000E+00  0.000000E+00  0.561733E+07  0.683120E+07  0.973954E+00  0.682593E+07
  0.296709E-02  0.680653E+07  0.680556E+07  0.000000E+00  0.000000E+00  0.552449E+07  0.680653E+07  0.973908E+00  0.680095E+07
  0.311921E-02  0.678037E+07  0.677929E+07  0.000000E+00  0.000000E+00  0.542969E+07  0.678037E+07  0.973863E+00  0.677448E+07
  0.327914E-02  0.675266E+07  0.675147E+07  0.000000E+00  0.000000E+00  0.533308E+07  0.675265E+07  0.973818E+00  0.674646E+07
  0.344726E-02  0.672333E+07  0.672203E+07  0.000000E+00  0.000000E+00  0.523476E+07  0.672333E+07  0.973775E+00  0.671683E+07
  0.362401E-02  0.669234E+07  0.669091E+07  0.000000E+00  0.000000E+00  0.513475E+07  0.669234E+07  0.973732E+00  0.668552E+07
  0.380982E-02  0.665962E+07  0.665804E+07  0.000000E+00  0.000000E+00  0.503307E+07  0.665962E+07  0.973689E+00  0.665248E+07
  0.400515E-02  0.662510E+07  0.662336E+07  0.000000E+00  0.000000E+00  0.492969E+07  0.662510E+07  0.973648E+00  0.661765E+07
  0.421050E-02  0.658873E+07  0.658681E+07  0.000000E+00  0.000000E+00  0.482451E+07  0.658873E+07  0.973607E+00  0.658096E+07
  0.442637E-02  0.655044E+07  0.654833E+07  0.000000E+00  0.000000E+00  0.471759E+07  0.655044E+07  0.973567E+00  0.654235E+07
  0.465332E-02  0.651018E+07  0.650786E+07  0.000000E+00  0.000000E+00  0.460890E+07  0.651018E+07  0.973527E+00  0.650176E+07
  0.489190E-02  0.646788E+07  0.646532E+07  0.000000E+00  0.000000E+00  0.449845E+07  0.646788E+07  0.973488E+00  0.645914E+07
  0.514271E-02  0.642347E+07  0.642067E+07  0.000000E+00  0.000000E+00  0.438630E+07  0.642347E+07  0.973449E+00  0.641441E+07
  0.540638E-02  0.637691E+07  0.637382E+07  0.000000E+00  0.000000E+00  0.427245E+07  0.637691E+07  0.973411E+00  0.636752E+07
  0.568358E-02  0.632812E+07  0.632473E+07  0.000000E+00  0.000000E+00  0.415686E+07  0.632812E+07  0.973372E+00  0.631839E+07
  0.597498E-02  0.627722E+07  0.627350E+07  0.000000E+00  0.000000E+00  0.402273E+07  0.627722E+07  0.973327E+00  0.626709E+07
  0.628132E-02  0.622379E+07  0.621970E+07  0.000000E+00  0.000000E+00  0.389954E+07  0.622379E+07  0.973287E+00  0.621331E+07
  0.660337E-02  0.616794E+07  0.616345E+07  0.000000E+00  0.000000E+00  0.377396E+07  0.616794E+07  0.973246E+00  0.615710E+07
  0.694194E-02  0.610961E+07  0.610468E+07  0.000000E+00  0.000000E+00  0.364607E+07  0.610961E+07  0.973204E+00  0.609841E+07
  0.729786E-02  0.604873E+07  0.604332E+07  0.000000E+00  0.000000E+00  0.351632E+07  0.604873E+07  0.973163E+00  0.603716E+07
  0.767202E-02  0.598515E+07  0.597922E+07  0.000000E+00  0.000000E+00  0.338527E+07  0.598515E+07  0.973120E+00  0.597322E+07
  0.806538E-02  0.591898E+07  0.591248E+07  0.000000E+00  0.000000E+00  0.325486E+07  0.591897E+07  0.973078E+00  0.590668E+07
  0.847890E-02  0.585006E+07  0.584294E+07  0.000000E+00  0.000000E+00  0.312553E+07  0.585006E+07  0.973036E+00  0.583741E+07
  0.891362E-02  0.577836E+07  0.577056E+07  0.000000E+00  0.000000E+00  0.299768E+07  0.577836E+07  0.972995E+00  0.576536E+07
  0.937063E-02  0.570383E+07  0.569531E+07  0.000000E+00  0.000000E+00  0.287089E+07  0.570383E+07  0.972955E+00  0.569050E+07
  0.985107E-02  0.562638E+07  0.561706E+07  0.000000E+00  0.000000E+00  0.274463E+07  0.562637E+07  0.972916E+00  0.561271E+07
  0.103562E-01  0.554595E+07  0.553577E+07  0.000000E+00  0.000000E+00  0.261843E+07  0.554595E+07  0.972877E+00  0.553196E+07
  0.108871E-01  0.546249E+07  0.545138E+07  0.000000E+00  0.000000E+00  0.249254E+07  0.546249E+07  0.972837E+00  0.544817E+07
  0.114453E-01  0.537595E+07  0.536384E+07  0.000000E+00  0.000000E+00  0.236768E+07  0.537595E+07  0.972798E+00  0.536132E+07
  0.120321E-01  0.528628E+07  0.527308E+07  0.000000E+00  0.000000E+00  0.224472E+07  0.528628E+07  0.972759E+00  0.527133E+07
  0.126490E-01  0.519342E+07  0.517906E+07  0.000000E+00  0.000000E+00  0.212423E+07  0.519342E+07  0.972721E+00  0.517817E+07
  0.132976E-01  0.509732E+07  0.508172E+07  0.000000E+00  0.000000E+00  0.200646E+07  0.509732E+07  0.972684E+00  0.508179E+07
  0.139793E-01  0.499797E+07  0.498104E+07  0.000000E+00  0.000000E+00  0.189141E+07  0.499796E+07  0.972647E+00  0.498216E+07
  0.146961E-01  0.489531E+07  0.487697E+07  0.000000E+00  0.000000E+00  0.177880E+07  0.489531E+07  0.972612E+00  0.487924E+07
  0.154496E-01  0.478936E+07  0.476951E+07  0.000000E+00  0.000000E+00  0.166848E+07  0.478935E+07  0.972577E+00  0.477303E+07
  0.162417E-01  0.468009E+07  0.465866E+07  0.000000E+00  0.000000E+00  0.156106E+07  0.468009E+07  0.972542E+00  0.466353E+07
  0.170744E-01  0.456754E+07  0.454444E+07  0.000000E+00  0.000000E+00  0.145738E+07  0.456753E+07  0.972508E+00  0.455075E+07
  0.179498E-01  0.445174E+07  0.442691E+07  0.000000E+00  0.000000E+00  0.135746E+07  0.445174E+07  0.972476E+00  0.443475E+07
  0.188701E-01  0.433277E+07  0.430614E+07  0.000000E+00  0.000000E+00  0.126090E+07  0.433277E+07  0.972444E+00  0.431559E+07
  0.198376E-01  0.421074E+07  0.418225E+07  0.000000E+00  0.000000E+00  0.116790E+07  0.421074E+07  0.972413E+00  0.419339E+07
  0.208547E-01  0.408579E+07  0.405541E+07  0.000000E+00  0.000000E+00  0.107886E+07  0.408579E+07  0.972383E+00  0.406830E+07
  0.219240E-01  0.395814E+07  0.392584E+07  0.000000E+00  0.000000E+00  0.993931E+06  0.395813E+07  0.972354E+00  0.394053E+07
  0.230480E-01  0.382802E+07  0.379381E+07  0.000000E+00  0.000000E+00  0.912970E+06  0.382802E+07  0.972326E+00  0.381032E+07
  0.242297E-01  0.369576E+07  0.365968E+07  0.000000E+00  0.000000E+00  0.836031E+06  0.369576E+07  0.972299E+00  0.367800E+07
  0.254720E-01  0.356176E+07  0.352388E+07  0.000000E+00  0.000000E+00  0.763512E+06  0.356176E+07  0.972273E+00  0.354398E+07
  0.267780E-01  0.342648E+07  0.338690E+07  0.000000E+00  0.000000E+00  0.695178E+06  0.342648E+07  0.972248E+00  0.340872E+07
  0.281509E-01  0.329048E+07  0.324937E+07  0.000000E+00  0.000000E+00  0.631035E+06  0.329048E+07  0.972224E+00  0.327278E+07
  0.295943E-01  0.315442E+07  0.311196E+07  0.000000E+00  0.000000E+00  0.571237E+06  0.315442E+07  0.972201E+00  0.313683E+07
  0.311116E-01  0.301902E+07  0.297548E+07  0.000000E+00  0.000000E+00  0.515637E+06  0.301901E+07  0.972179E+00  0.300160E+07
  0.327067E-01  0.288510E+07  0.284081E+07  0.000000E+00  0.000000E+00  0.464229E+06  0.288510E+07  0.972158E+00  0.286791E+07
  0.343836E-01  0.275357E+07  0.270888E+07  0.000000E+00  0.000000E+00  0.416998E+06  0.275356E+07  0.972138E+00  0.273667E+07
  0.361465E-01  0.262535E+07  0.258070E+07  0.000000E+00  0.000000E+00  0.373743E+06  0.262535E+07  0.972119E+00  0.260882E+07
  0.379998E-01  0.250097E+07  0.245683E+07  0.000000E+00  0.000000E+00  0.334370E+06  0.250097E+07  0.972101E+00  0.248488E+07
  0.399481E-01  0.238121E+07  0.233809E+07  0.000000E+00  0.000000E+00  0.298638E+06  0.238121E+07  0.972084E+00  0.236564E+07
  0.419963E-01  0.226755E+07  0.222596E+07  0.000000E+00  0.000000E+00  0.266541E+06  0.226754E+07  0.972068E+00  0.225256E+07
  0.441495E-01  0.216102E+07  0.212151E+07  0.000000E+00  0.000000E+00  0.237828E+06  0.216102E+07  0.972052E+00  0.214669E+07
  0.464130E-01  0.206190E+07  0.202495E+07  0.000000E+00  0.000000E+00  0.212260E+06  0.206190E+07  0.972038E+00  0.204828E+07
  0.487927E-01  0.196998E+07  0.193603E+07  0.000000E+00  0.000000E+00  0.189515E+06  0.196998E+07  0.972024E+00  0.195712E+07
  0.512943E-01  0.188475E+07  0.185412E+07  0.000000E+00  0.000000E+00  0.169281E+06  0.188475E+07  0.972011E+00  0.187269E+07
  0.539243E-01  0.180545E+07  0.177834E+07  0.000000E+00  0.000000E+00  0.151271E+06  0.180545E+07  0.971999E+00  0.179420E+07
  0.566890E-01  0.173116E+07  0.170757E+07  0.000000E+00  0.000000E+00  0.135180E+06  0.173116E+07  0.971987E+00  0.172071E+07
  0.595955E-01  0.166219E+07  0.164196E+07  0.000000E+00  0.000000E+00  0.120855E+06  0.166218E+07  0.971976E+00  0.165249E+07
  0.626510E-01  0.159482E+07  0.157756E+07  0.000000E+00  0.000000E+00  0.107874E+06  0.159482E+07  0.971966E+00  0.158582E+07
  0.658632E-01  0.152820E+07  0.151333E+07  0.000000E+00  0.000000E+00  0.960783E+05  0.152820E+07  0.971957E+00  0.151981E+07
  0.692401E-01  0.146049E+07  0.144728E+07  0.000000E+00  0.000000E+00  0.852672E+05  0.146049E+07  0.971948E+00  0.145260E+07
  0.727902E-01  0.139014E+07  0.137777E+07  0.000000E+00  0.000000E+00  0.752974E+05  0.139014E+07  0.971940E+00  0.138264E+07
  0.765221E-01  0.131641E+07  0.130409E+07  0.000000E+00  0.000000E+00  0.783292E+05  0.131641E+07  0.971951E+00  0.130924E+07
  0.804455E-01  0.123952E+07  0.122657E+07  0.000000E+00  0.000000E+00  0.686037E+05  0.123952E+07  0.971942E+00  0.123254E+07
  0.845701E-01  0.116096E+07  0.114696E+07  0.000000E+00  0.000000E+00  0.597125E+05  0.116095E+07  0.971935E+00  0.115410E+07
  0.889061E-01  0.108305E+07  0.106792E+07  0.000000E+00  0.000000E+00  0.517212E+05  0.108305E+07  0.971927E+00  0.107631E+07
  0.934644E-01  0.100860E+07  0.992639E+06  0.000000E+00  0.000000E+00  0.446847E+05  0.100860E+07  0.971921E+00  0.100202E+07
  0.982564E-01  0.940375E+06  0.924220E+06  0.000000E+00  0.000000E+00  0.386234E+05  0.940373E+06  0.971914E+00  0.934025E+06
  0.103294E+00  0.880580E+06  0.865080E+06  0.000000E+00  0.000000E+00  0.335078E+05  0.880578E+06  0.971908E+00  0.874564E+06
  0.108590E+00  0.830247E+06  0.816248E+06  0.000000E+00  0.000000E+00  0.292513E+05  0.830245E+06  0.971903E+00  0.824662E+06
  0.114158E+00  0.788516E+06  0.776617E+06  0.000000E+00  0.000000E+00  0.257077E+05  0.788514E+06  0.971898E+00  0.783421E+06
  0.120011E+00  0.752443E+06  0.742785E+06  0.000000E+00  0.000000E+00  0.226851E+05  0.752440E+06  0.971893E+00  0.747839E+06
  0.126164E+00  0.717748E+06  0.709942E+06  0.000000E+00  0.000000E+00  0.199952E+05  0.717746E+06  0.971889E+00  0.713570E+06
  0.132632E+00  0.680194E+06  0.673426E+06  0.000000E+00  0.000000E+00  0.174937E+05  0.680192E+06  0.971884E+00  0.676327E+06
  0.139432E+00  0.637545E+06  0.630875E+06  0.000000E+00  0.000000E+00  0.151236E+05  0.637542E+06  0.971881E+00  0.633864E+06
  0.146581E+00  0.591272E+06  0.584031E+06  0.000000E+00  0.000000E+00  0.129254E+05  0.591269E+06  0.971877E+00  0.587688E+06
  0.154097E+00  0.545306E+06  0.537391E+06  0.000000E+00  0.000000E+00  0.109770E+05  0.545302E+06  0.971874E+00  0.541802E+06
  0.161997E+00  0.504054E+06  0.495963E+06  0.000000E+00  0.000000E+00  0.933817E+04  0.504050E+06  0.971871E+00  0.500690E+06
  0.170303E+00  0.470981E+06  0.463510E+06  0.000000E+00  0.000000E+00  0.802728E+04  0.470977E+06  0.971868E+00  0.467849E+06
  0.179035E+00  0.445306E+06  0.439043E+06  0.000000E+00  0.000000E+00  0.697962E+04  0.445301E+06  0.971865E+00  0.442467E+06
  0.188214E+00  0.422484E+06  0.417420E+06  0.000000E+00  0.000000E+00  0.608620E+04  0.422479E+06  0.971863E+00  0.419926E+06
  0.197864E+00  0.397756E+06  0.393315E+06  0.000000E+00  0.000000E+00  0.526208E+04  0.397750E+06  0.971860E+00  0.395396E+06
  0.208009E+00  0.369279E+06  0.364786E+06  0.000000E+00  0.000000E+00  0.448236E+04  0.369272E+06  0.971858E+00  0.367028E+06
  0.218674E+00  0.339913E+06  0.335145E+06  0.000000E+00  0.000000E+00  0.378283E+04  0.339905E+06  0.971856E+00  0.337739E+06
  0.229885E+00  0.314300E+06  0.309614E+06  0.000000E+00  0.000000E+00  0.320559E+04  0.314292E+06  0.971855E+00  0.312245E+06
  0.241672E+00  0.294427E+06  0.290318E+06  0.000000E+00  0.000000E+00  0.275121E+04  0.294418E+06  0.971853E+00  0.292545E+06
  0.254063E+00  0.277211E+06  0.273755E+06  0.000000E+00  0.000000E+00  0.237202E+04  0.277201E+06  0.971851E+00  0.275502E+06
  0.267089E+00  0.258740E+06  0.255565E+06  0.000000E+00  0.000000E+00  0.202588E+04  0.258729E+06  0.971850E+00  0.257151E+06
  0.280782E+00  0.238775E+06  0.235574E+06  0.000000E+00  0.000000E+00  0.170945E+04  0.238762E+06  0.971848E+00  0.237264E+06
  0.295179E+00  0.220635E+06  0.217529E+06  0.000000E+00  0.000000E+00  0.144364E+04  0.220621E+06  0.971847E+00  0.219214E+06
  0.310313E+00  0.205812E+06  0.203056E+06  0.000000E+00  0.000000E+00  0.123039E+04  0.205796E+06  0.971846E+00  0.204507E+06
  0.326223E+00  0.192117E+06  0.189672E+06  0.000000E+00  0.000000E+00  0.104880E+04  0.192099E+06  0.971845E+00  0.190918E+06
  0.342948E+00  0.177732E+06  0.175388E+06  0.000000E+00  0.000000E+00  0.885415E+03  0.177711E+06  0.971843E+00  0.176607E+06
  0.360532E+00  0.164128E+06  0.161888E+06  0.000000E+00  0.000000E+00  0.745819E+03  0.164105E+06  0.971842E+00  0.163076E+06
  0.379017E+00  0.152430E+06  0.150409E+06  0.000000E+00  0.000000E+00  0.631573E+03  0.152403E+06  0.971841E+00  0.151459E+06
  0.398449E+00  0.141343E+06  0.139494E+06  0.000000E+00  0.000000E+00  0.533736E+03  0.141313E+06  0.971840E+00  0.140444E+06
  0.418878E+00  0.130395E+06  0.128645E+06  0.000000E+00  0.000000E+00  0.448523E+03  0.130362E+06  0.971838E+00  0.129557E+06
  0.440355E+00  0.120495E+06  0.118884E+06  0.000000E+00  0.000000E+00  0.377396E+03  0.120457E+06  0.971837E+00  0.119718E+06
  0.462932E+00  0.111339E+06  0.109865E+06  0.000000E+00  0.000000E+00  0.317408E+03  0.111296E+06  0.971835E+00  0.110620E+06
  0.486667E+00  0.102511E+06  0.101136E+06  0.000000E+00  0.000000E+00  0.265887E+03  0.102463E+06  0.971834E+00  0.101843E+06
  0.511619E+00  0.943764E+05  0.931136E+05  0.000000E+00  0.000000E+00  0.222633E+03  0.943221E+05  0.971831E+00  0.937572E+05
  0.537851E+00  0.867353E+05  0.855733E+05  0.000000E+00  0.000000E+00  0.186022E+03  0.866742E+05  0.971829E+00  0.861612E+05
  0.565426E+00  0.795095E+05  0.784375E+05  0.000000E+00  0.000000E+00  0.154979E+03  0.794409E+05  0.971826E+00  0.789768E+05
  0.594417E+00  0.727624E+05  0.717802E+05  0.000000E+00  0.000000E+00  0.128855E+03  0.726855E+05  0.971823E+00  0.722688E+05
  0.624893E+00  0.663731E+05  0.654711E+05  0.000000E+00  0.000000E+00  0.106753E+03  0.662872E+05  0.971819E+00  0.659152E+05
  0.656932E+00  0.603634E+05  0.595390E+05  0.000000E+00  0.000000E+00  0.881506E+02  0.602677E+05  0.971814E+00  0.599389E+05
  0.690614E+00  0.546743E+05  0.539216E+05  0.000000E+00  0.000000E+00  0.724735E+02  0.545681E+05  0.971809E+00  0.542807E+05
  0.726022E+00  0.492948E+05  0.486101E+05  0.000000E+00  0.000000E+00  0.592929E+02  0.491775E+05  0.971802E+00  0.489298E+05
  0.763246E+00  0.441951E+05  0.435743E+05  0.000000E+00  0.000000E+00  0.482237E+02  0.440664E+05  0.971794E+00  0.438569E+05
  0.802379E+00  0.393630E+05  0.388026E+05  0.000000E+00  0.000000E+00  0.389534E+02  0.392227E+05  0.971784E+00  0.390499E+05
  0.843518E+00  0.347880E+05  0.342845E+05  0.000000E+00  0.000000E+00  0.312114E+02  0.346365E+05  0.971772E+00  0.344984E+05
  0.886766E+00  0.304705E+05  0.300206E+05  0.000000E+00  0.000000E+00  0.247791E+02  0.303086E+05  0.971757E+00  0.302032E+05
  0.932231E+00  0.264199E+05  0.260206E+05  0.000000E+00  0.000000E+00  0.194692E+02  0.262491E+05  0.971739E+00  0.261739E+05
  0.980027E+00  0.226560E+05  0.223040E+05  0.000000E+00  0.000000E+00  0.151261E+02  0.224785E+05  0.971718E+00  0.224306E+05
  0.103027E+01  0.192095E+05  0.189015E+05  0.000000E+00  0.000000E+00  0.116148E+02  0.190282E+05  0.971691E+00  0.190039E+05
  0.108310E+01  0.161197E+05  0.158521E+05  0.000000E+00  0.000000E+00  0.882495E+01  0.159380E+05  0.971659E+00  0.159333E+05
  0.113863E+01  0.134306E+05  0.131995E+05  0.000000E+00  0.000000E+00  0.665650E+01  0.132522E+05  0.971620E+00  0.132627E+05
  0.119701E+01  0.111818E+05  0.109827E+05  0.000000E+00  0.000000E+00  0.501627E+01  0.110099E+05  0.971573E+00  0.110312E+05
  0.125838E+01  0.939482E+04  0.922310E+04  0.000000E+00  0.000000E+00  0.381422E+01  0.923142E+04  0.971515E+00  0.925960E+04
  0.132290E+01  0.805834E+04  0.790887E+04  0.000000E+00  0.000000E+00  0.296123E+01  0.790321E+04  0.971445E+00  0.793573E+04
  0.139073E+01  0.711426E+04  0.698202E+04  0.000000E+00  0.000000E+00  0.236596E+01  0.696443E+04  0.971359E+00  0.700057E+04
  0.146203E+01  0.645330E+04  0.633373E+04  0.000000E+00  0.000000E+00  0.194185E+01  0.630336E+04  0.971254E+00  0.634435E+04
  0.153699E+01  0.592985E+04  0.581946E+04  0.000000E+00  0.000000E+00  0.161358E+01  0.577373E+04  0.971127E+00  0.582195E+04
  0.161579E+01  0.540333E+04  0.530015E+04  0.000000E+00  0.000000E+00  0.132891E+01  0.523732E+04  0.970973E+00  0.529464E+04
  0.169864E+01  0.479633E+04  0.470006E+04  0.000000E+00  0.000000E+00  0.106527E+01  0.462181E+04  0.970788E+00  0.468773E+04
  0.178573E+01  0.413550E+04  0.404704E+04  0.000000E+00  0.000000E+00  0.829230E+00  0.395875E+04  0.970565E+00  0.402998E+04
  0.187728E+01  0.352948E+04  0.344983E+04  0.000000E+00  0.000000E+00  0.638809E+00  0.335669E+04  0.970293E+00  0.342957E+04
  0.197353E+01  0.306958E+04  0.299865E+04  0.000000E+00  0.000000E+00  0.501637E+00  0.290054E+04  0.969962E+00  0.297455E+04
  0.207472E+01  0.273207E+04  0.266833E+04  0.000000E+00  0.000000E+00  0.402738E+00  0.256072E+04  0.969564E+00  0.263863E+04
  0.218109E+01  0.241280E+04  0.235431E+04  0.000000E+00  0.000000E+00  0.320574E+00  0.223695E+04  0.969090E+00  0.231965E+04
  0.229292E+01  0.208100E+04  0.202701E+04  0.000000E+00  0.000000E+00  0.248980E+00  0.190669E+04  0.968520E+00  0.199060E+04
  0.241048E+01  0.180875E+04  0.175974E+04  0.000000E+00  0.000000E+00  0.194937E+00  0.163813E+04  0.967826E+00  0.172183E+04
  0.253407E+01  0.160081E+04  0.155666E+04  0.000000E+00  0.000000E+00  0.155263E+00  0.142837E+04  0.967003E+00  0.151477E+04
  0.266399E+01  0.139383E+04  0.135339E+04  0.000000E+00  0.000000E+00  0.121461E+00  0.122237E+04  0.966029E+00  0.130966E+04
  0.280058E+01  0.121648E+04  0.117936E+04  0.000000E+00  0.000000E+00  0.952894E-01  0.104836E+04  0.964845E+00  0.113498E+04
  0.294417E+01  0.107079E+04  0.103720E+04  0.000000E+00  0.000000E+00  0.752333E-01  0.902389E+03  0.963470E+00  0.990341E+03
  0.309512E+01  0.934980E+03  0.904193E+03  0.000000E+00  0.000000E+00  0.589468E-01  0.770342E+03  0.961814E+00  0.857126E+03
  0.325380E+01  0.822199E+03  0.794092E+03  0.000000E+00  0.000000E+00  0.464191E-01  0.658732E+03  0.959894E+00  0.745733E+03
  0.342063E+01  0.721803E+03  0.696177E+03  0.000000E+00  0.000000E+00  0.364642E-01  0.561958E+03  0.957599E+00  0.647670E+03
  0.359601E+01  0.634020E+03  0.610571E+03  0.000000E+00  0.000000E+00  0.286479E-01  0.476991E+03  0.954970E+00  0.561781E+03
  0.378038E+01  0.559229E+03  0.537819E+03  0.000000E+00  0.000000E+00  0.225539E-01  0.405256E+03  0.951879E+00  0.488909E+03
  0.397421E+01  0.493024E+03  0.473477E+03  0.000000E+00  0.000000E+00  0.177318E-01  0.343113E+03  0.948286E+00  0.424980E+03
  0.417797E+01  0.435030E+03  0.417134E+03  0.000000E+00  0.000000E+00  0.139543E-01  0.289355E+03  0.944180E+00  0.369267E+03
  0.439218E+01  0.384885E+03  0.368545E+03  0.000000E+00  0.000000E+00  0.109886E-01  0.243479E+03  0.939497E+00  0.321370E+03
  0.461737E+01  0.341146E+03  0.326221E+03  0.000000E+00  0.000000E+00  0.866426E-02  0.204260E+03  0.934175E+00  0.279934E+03
  0.485411E+01  0.302913E+03  0.289270E+03  0.000000E+00  0.000000E+00  0.683512E-02  0.170766E+03  0.928173E+00  0.244052E+03
  0.510298E+01  0.269447E+03  0.256975E+03  0.000000E+00  0.000000E+00  0.539210E-02  0.142189E+03  0.921499E+00  0.212962E+03
  0.536462E+01  0.240045E+03  0.228645E+03  0.000000E+00  0.000000E+00  0.426313E-02  0.117991E+03  0.914123E+00  0.186035E+03
  0.563967E+01  0.214330E+03  0.203911E+03  0.000000E+00  0.000000E+00  0.338032E-02  0.976124E+02  0.905914E+00  0.162822E+03
  0.592882E+01  0.191683E+03  0.182158E+03  0.000000E+00  0.000000E+00  0.267804E-02  0.803515E+02  0.897121E+00  0.142671E+03
  0.623280E+01  0.171785E+03  0.163080E+03  0.000000E+00  0.000000E+00  0.212976E-02  0.658790E+02  0.887589E+00  0.125262E+03
  0.655236E+01  0.154216E+03  0.146262E+03  0.000000E+00  0.000000E+00  0.169236E-02  0.537957E+02  0.877430E+00  0.110186E+03
  0.688830E+01  0.138676E+03  0.131407E+03  0.000000E+00  0.000000E+00  0.135095E-02  0.437302E+02  0.866769E+00  0.971159E+02
  0.724148E+01  0.124903E+03  0.118260E+03  0.000000E+00  0.000000E+00  0.107826E-02  0.353978E+02  0.855640E+00  0.857820E+02
  0.761276E+01  0.112676E+03  0.106607E+03  0.000000E+00  0.000000E+00  0.864300E-03  0.285010E+02  0.844220E+00  0.759330E+02
  0.800307E+01  0.101787E+03  0.962416E+02  0.000000E+00  0.000000E+00  0.695242E-03  0.228500E+02  0.832600E+00  0.673699E+02
  0.841340E+01  0.920709E+02  0.870044E+02  0.000000E+00  0.000000E+00  0.558741E-03  0.182280E+02  0.820985E+00  0.599070E+02
  0.884476E+01  0.833789E+02  0.787501E+02  0.000000E+00  0.000000E+00  0.450360E-03  0.144738E+02  0.809556E+00  0.533920E+02
  0.929824E+01  0.755900E+02  0.713615E+02  0.000000E+00  0.000000E+00  0.363792E-03  0.114378E+02  0.798232E+00  0.476929E+02
  0.977497E+01  0.685926E+02  0.647298E+02  0.000000E+00  0.000000E+00  0.294537E-03  0.899751E+01  0.787391E+00  0.426943E+02
  0.102761E+02  0.622947E+02  0.587662E+02  0.000000E+00  0.000000E+00  0.239807E-03  0.704656E+01  0.777178E+00  0.382992E+02
  0.108030E+02  0.566171E+02  0.533941E+02  0.000000E+00  0.000000E+00  0.194411E-03  0.549189E+01  0.767448E+00  0.344232E+02
  0.113569E+02  0.514890E+02  0.485453E+02  0.000000E+00  0.000000E+00  0.159092E-03  0.426616E+01  0.758460E+00  0.309978E+02
  0.119392E+02  0.468512E+02  0.441626E+02  0.000000E+00  0.000000E+00  0.129681E-03  0.329660E+01  0.750124E+00  0.279586E+02
  0.125513E+02  0.426503E+02  0.401947E+02  0.000000E+00  0.000000E+00  0.105554E-03  0.254122E+01  0.742631E+00  0.252575E+02
  0.131948E+02  0.388410E+02  0.365984E+02  0.000000E+00  0.000000E+00  0.864965E-04  0.194953E+01  0.735872E+00  0.228476E+02
  0.138714E+02  0.353832E+02  0.333351E+02  0.000000E+00  0.000000E+00  0.707356E-04  0.149258E+01  0.729728E+00  0.206939E+02
  0.145825E+02  0.322416E+02  0.303712E+02  0.000000E+00  0.000000E+00  0.584443E-04  0.113776E+01  0.724406E+00  0.187627E+02
  0.153302E+02  0.293850E+02  0.276770E+02  0.000000E+00  0.000000E+00  0.480082E-04  0.865617E+00  0.719754E+00  0.170279E+02
  0.161162E+02  0.267860E+02  0.252262E+02  0.000000E+00  0.000000E+00  0.393276E-04  0.657364E+00  0.715778E+00  0.154661E+02
  0.169425E+02  0.244200E+02  0.229955E+02  0.000000E+00  0.000000E+00  0.323046E-04  0.497062E+00  0.712417E+00  0.140567E+02
  0.178112E+02  0.222651E+02  0.209642E+02  0.000000E+00  0.000000E+00  0.266072E-04  0.375402E+00  0.709295E+00  0.127833E+02
  0.187244E+02  0.203018E+02  0.191136E+02  0.000000E+00  0.000000E+00  0.219698E-04  0.283634E+00  0.706779E+00  0.116312E+02
  0.196844E+02  0.185123E+02  0.174272E+02  0.000000E+00  0.000000E+00  0.180191E-04  0.213642E+00  0.704701E+00  0.105869E+02
  0.206936E+02  0.168811E+02  0.158900E+02  0.000000E+00  0.000000E+00  0.148377E-04  0.160596E+00  0.702829E+00  0.963938E+01
  0.217546E+02  0.153938E+02  0.144885E+02  0.000000E+00  0.000000E+00  0.122914E-04  0.120474E+00  0.701478E+00  0.877896E+01
  0.228700E+02  0.140374E+02  0.132106E+02  0.000000E+00  0.000000E+00  0.100738E-04  0.904645E-01  0.700225E+00  0.799709E+01
  0.240425E+02  0.128004E+02  0.120451E+02  0.000000E+00  0.000000E+00  0.832954E-05  0.676721E-01  0.699071E+00  0.728595E+01
  0.252752E+02  0.116722E+02  0.109821E+02  0.000000E+00  0.000000E+00  0.689313E-05  0.509283E-01  0.698204E+00  0.663901E+01
  0.265711E+02  0.106430E+02  0.100125E+02  0.000000E+00  0.000000E+00  0.568179E-05  0.379515E-01  0.697453E+00  0.604988E+01
  0.279335E+02  0.970425E+01  0.912804E+01  0.000000E+00  0.000000E+00  0.467770E-05  0.285427E-01  0.696853E+00  0.551351E+01
  0.293657E+02  0.884792E+01  0.832128E+01  0.000000E+00  0.000000E+00  0.384403E-05  0.213545E-01  0.696419E+00  0.502483E+01
  0.308712E+02  0.806681E+01  0.758539E+01  0.000000E+00  0.000000E+00  0.316849E-05  0.158828E-01  0.695880E+00  0.457952E+01
  0.324540E+02  0.735427E+01  0.691411E+01  0.000000E+00  0.000000E+00  0.262871E-05  0.118501E-01  0.695642E+00  0.417371E+01
  0.341180E+02  0.670433E+01  0.630179E+01  0.000000E+00  0.000000E+00  0.217065E-05  0.887023E-02  0.695433E+00  0.380384E+01
  0.358673E+02  0.611148E+01  0.574326E+01  0.000000E+00  0.000000E+00  0.179265E-05  0.667290E-02  0.695067E+00  0.346669E+01
  0.377062E+02  0.557075E+01  0.523382E+01  0.000000E+00  0.000000E+00  0.147010E-05  0.498889E-02  0.694921E+00  0.315930E+01
  0.396395E+02  0.507756E+01  0.476918E+01  0.000000E+00  0.000000E+00  0.119892E-05  0.370304E-02  0.694863E+00  0.287905E+01
  0.416718E+02  0.462775E+01  0.434538E+01  0.000000E+00  0.000000E+00  0.100490E-05  0.275697E-02  0.694720E+00  0.262353E+01
  0.438084E+02  0.421752E+01  0.395888E+01  0.000000E+00  0.000000E+00  0.829276E-06  0.207138E-02  0.694386E+00  0.239058E+01
  0.460545E+02  0.384341E+01  0.360640E+01  0.000000E+00  0.000000E+00  0.671550E-06  0.152850E-02  0.694472E+00  0.217817E+01
  0.484158E+02  0.350226E+01  0.328496E+01  0.000000E+00  0.000000E+00  0.553218E-06  0.114035E-02  0.694234E+00  0.198452E+01
  0.508981E+02  0.319117E+01  0.299185E+01  0.000000E+00  0.000000E+00  0.461830E-06  0.867584E-03  0.694237E+00  0.180796E+01
  0.535077E+02  0.290752E+01  0.272457E+01  0.000000E+00  0.000000E+00  0.381940E-06  0.647519E-03  0.694205E+00  0.164699E+01
  0.562511E+02  0.264888E+01  0.248087E+01  0.000000E+00  0.000000E+00  0.318309E-06  0.479374E-03  0.694246E+00  0.150023E+01
  0.591351E+02  0.241308E+01  0.225867E+01  0.000000E+00  0.000000E+00  0.255197E-06  0.359893E-03  0.693968E+00  0.136643E+01
  0.621671E+02  0.219810E+01  0.205609E+01  0.000000E+00  0.000000E+00  0.210361E-06  0.260807E-03  0.694074E+00  0.124446E+01
  0.653544E+02  0.200213E+01  0.187141E+01  0.000000E+00  0.000000E+00  0.174047E-06  0.199988E-03  0.694088E+00  0.113327E+01
  0.687052E+02  0.182347E+01  0.170304E+01  0.000000E+00  0.000000E+00  0.145014E-06  0.145897E-03  0.694047E+00  0.103192E+01
  0.722278E+02  0.166062E+01  0.154956E+01  0.000000E+00  0.000000E+00  0.120584E-06  0.112514E-03  0.693945E+00  0.939535E+00
  0.759310E+02  0.151218E+01  0.140966E+01  0.000000E+00  0.000000E+00  0.968813E-07  0.796558E-04  0.693769E+00  0.855325E+00
  0.798241E+02  0.137689E+01  0.128214E+01  0.000000E+00  0.000000E+00  0.791330E-07  0.615834E-04  0.693630E+00  0.778576E+00
  0.839167E+02  0.125358E+01  0.116592E+01  0.000000E+00  0.000000E+00  0.663550E-07  0.453232E-04  0.693567E+00  0.708627E+00
  0.882192E+02  0.114120E+01  0.106000E+01  0.000000E+00  0.000000E+00  0.552667E-07  0.338663E-04  0.693824E+00  0.644878E+00
  0.927424E+02  0.103879E+01  0.963460E+00  0.000000E+00  0.000000E+00  0.455372E-07  0.260728E-04  0.693727E+00  0.586783E+00
  0.974973E+02  0.945465E+00  0.875489E+00  0.000000E+00  0.000000E+00  0.370564E-07  0.197992E-04  0.693604E+00  0.533844E+00
  0.102496E+03  0.860423E+00  0.795322E+00  0.000000E+00  0.000000E+00  0.303103E-07  0.132541E-04  0.693392E+00  0.485601E+00
