  0.104368E-04  0.716336E+07  0.716336E+07  0.954953E+07  0.954948E+07  0.716833E+07  0.716336E+07  0.976670E+00  0.716338E+07
  0.115244E-04  0.716336E+07  0.716336E+07  0.954918E+07  0.954911E+07  0.716832E+07  0.716335E+07  0.976670E+00  0.716338E+07
  0.127253E-04  0.716335E+07  0.716335E+07  0.954875E+07  0.954866E+07  0.716831E+07  0.716335E+07  0.976670E+00  0.716337E+07
  0.140513E-04  0.716335E+07  0.716335E+07  0.954822E+07  0.954812E+07  0.716830E+07  0.716335E+07  0.976670E+00  0.716337E+07
  0.155156E-04  0.716335E+07  0.716335E+07  0.954758E+07  0.954745E+07  0.716829E+07  0.716335E+07  0.976670E+00  0.716337E+07
  0.171324E-04  0.716334E+07  0.716334E+07  0.954679E+07  0.954664E+07  0.716827E+07  0.716334E+07  0.976670E+00  0.716336E+07
  0.189177E-04  0.716334E+07  0.716334E+07  0.954583E+07  0.954565E+07  0.716825E+07  0.716334E+07  0.976670E+00  0.716336E+07
  0.208890E-04  0.716333E+07  0.716333E+07  0.954467E+07  0.954445E+07  0.716822E+07  0.716333E+07  0.976670E+00  0.716336E+07
  0.230658E-04  0.716333E+07  0.716333E+07  0.954325E+07  0.954298E+07  0.716819E+07  0.716333E+07  0.976669E+00  0.716335E+07
  0.254694E-04  0.716332E+07  0.716332E+07  0.954152E+07  0.954118E+07  0.716815E+07  0.716332E+07  0.976669E+00  0.716334E+07
  0.281235E-04  0.716331E+07  0.716331E+07  0.953940E+07  0.953900E+07  0.716811E+07  0.716331E+07  0.976669E+00  0.716333E+07
  0.310541E-04  0.716330E+07  0.716330E+07  0.953683E+07  0.953634E+07  0.716805E+07  0.716330E+07  0.976668E+00  0.716332E+07
  0.342901E-04  0.716328E+07  0.716328E+07  0.953369E+07  0.953309E+07  0.716798E+07  0.716328E+07  0.976668E+00  0.716330E+07
  0.378634E-04  0.716327E+07  0.716326E+07  0.952987E+07  0.952914E+07  0.716789E+07  0.716327E+07  0.976667E+00  0.716329E+07
  0.418090E-04  0.716325E+07  0.716324E+07  0.952520E+07  0.952431E+07  0.716779E+07  0.716324E+07  0.976667E+00  0.716326E+07
  0.461658E-04  0.716322E+07  0.716322E+07  0.951952E+07  0.951844E+07  0.716766E+07  0.716322E+07  0.976666E+00  0.716324E+07
  0.509765E-04  0.716319E+07  0.716318E+07  0.951260E+07  0.951128E+07  0.716751E+07  0.716319E+07  0.976665E+00  0.716321E+07
  0.562886E-04  0.716315E+07  0.716314E+07  0.950417E+07  0.950256E+07  0.716732E+07  0.716315E+07  0.976663E+00  0.716317E+07
  0.621542E-04  0.716310E+07  0.716309E+07  0.949390E+07  0.949193E+07  0.716709E+07  0.716310E+07  0.976662E+00  0.716312E+07
  0.686311E-04  0.716305E+07  0.716304E+07  0.948139E+07  0.947899E+07  0.716681E+07  0.716304E+07  0.976660E+00  0.716306E+07
  0.757829E-04  0.716298E+07  0.716296E+07  0.946615E+07  0.946324E+07  0.716647E+07  0.716297E+07  0.976657E+00  0.716299E+07
  0.836799E-04  0.716289E+07  0.716288E+07  0.944761E+07  0.944406E+07  0.716605E+07  0.716289E+07  0.976655E+00  0.716290E+07
  0.923999E-04  0.716279E+07  0.716277E+07  0.942506E+07  0.942074E+07  0.716555E+07  0.716278E+07  0.976651E+00  0.716280E+07
  0.102029E-03  0.716266E+07  0.716264E+07  0.939762E+07  0.939236E+07  0.716493E+07  0.716266E+07  0.976647E+00  0.716267E+07
  0.112661E-03  0.716251E+07  0.716248E+07  0.936427E+07  0.935788E+07  0.716418E+07  0.716250E+07  0.976642E+00  0.716251E+07
  0.124400E-03  0.716232E+07  0.716229E+07  0.932376E+07  0.931600E+07  0.716326E+07  0.716232E+07  0.976635E+00  0.716232E+07
  0.137364E-03  0.716209E+07  0.716205E+07  0.927460E+07  0.926517E+07  0.716214E+07  0.716209E+07  0.976628E+00  0.716208E+07
  0.151678E-03  0.716181E+07  0.716176E+07  0.921500E+07  0.920355E+07  0.716078E+07  0.716181E+07  0.976618E+00  0.716180E+07
  0.167484E-03  0.716147E+07  0.716141E+07  0.914282E+07  0.912894E+07  0.715912E+07  0.716147E+07  0.976607E+00  0.716145E+07
  0.184937E-03  0.716106E+07  0.716099E+07  0.905554E+07  0.903875E+07  0.715710E+07  0.716106E+07  0.976593E+00  0.716103E+07
  0.204208E-03  0.716055E+07  0.716047E+07  0.895022E+07  0.892991E+07  0.715463E+07  0.716055E+07  0.976577E+00  0.716051E+07
  0.225488E-03  0.715994E+07  0.715984E+07  0.882339E+07  0.879889E+07  0.715164E+07  0.715994E+07  0.976556E+00  0.715989E+07
  0.248985E-03  0.715920E+07  0.715907E+07  0.867109E+07  0.864161E+07  0.714799E+07  0.715919E+07  0.976532E+00  0.715913E+07
  0.274931E-03  0.715829E+07  0.715814E+07  0.848883E+07  0.845344E+07  0.714355E+07  0.715829E+07  0.976503E+00  0.715820E+07
  0.303581E-03  0.715719E+07  0.715700E+07  0.827160E+07  0.822927E+07  0.713815E+07  0.715719E+07  0.976468E+00  0.715708E+07
  0.335216E-03  0.715585E+07  0.715563E+07  0.801401E+07  0.796360E+07  0.713158E+07  0.715585E+07  0.976426E+00  0.715571E+07
  0.370147E-03  0.715423E+07  0.715396E+07  0.771047E+07  0.765073E+07  0.712361E+07  0.715423E+07  0.976376E+00  0.715406E+07
  0.408719E-03  0.715226E+07  0.715194E+07  0.735551E+07  0.728517E+07  0.711394E+07  0.715226E+07  0.976317E+00  0.715205E+07
  0.451310E-03  0.714988E+07  0.714949E+07  0.694433E+07  0.686214E+07  0.710221E+07  0.714988E+07  0.976247E+00  0.714962E+07
  0.498339E-03  0.714701E+07  0.714654E+07  0.647355E+07  0.637840E+07  0.708800E+07  0.714701E+07  0.976165E+00  0.714668E+07
  0.550269E-03  0.714354E+07  0.714299E+07  0.594229E+07  0.583340E+07  0.707083E+07  0.714354E+07  0.976070E+00  0.714314E+07
  0.607611E-03  0.713936E+07  0.713871E+07  0.535349E+07  0.523060E+07  0.705009E+07  0.713936E+07  0.975961E+00  0.713888E+07
  0.670928E-03  0.713435E+07  0.713359E+07  0.471545E+07  0.457909E+07  0.702512E+07  0.713435E+07  0.975838E+00  0.713377E+07
  0.740842E-03  0.712834E+07  0.712746E+07  0.404338E+07  0.389517E+07  0.699511E+07  0.712834E+07  0.975701E+00  0.712764E+07
  0.818043E-03  0.712118E+07  0.712016E+07  0.336047E+07  0.320335E+07  0.695912E+07  0.712118E+07  0.975552E+00  0.712033E+07
  0.903288E-03  0.711266E+07  0.711150E+07  0.269774E+07  0.253614E+07  0.691624E+07  0.711266E+07  0.975393E+00  0.711165E+07
  0.997416E-03  0.710258E+07  0.710127E+07  0.209184E+07  0.193151E+07  0.686528E+07  0.710258E+07  0.975227E+00  0.710137E+07
  0.110135E-02  0.709070E+07  0.708924E+07  0.157960E+07  0.142711E+07  0.680504E+07  0.709070E+07  0.975062E+00  0.708926E+07
  0.121612E-02  0.707677E+07  0.707518E+07  0.118922E+07  0.105098E+07  0.673427E+07  0.707676E+07  0.974901E+00  0.707507E+07
  0.134285E-02  0.706051E+07  0.705882E+07  0.929356E+06  0.810287E+06  0.665177E+07  0.706051E+07  0.974751E+00  0.705852E+07
  0.148278E-02  0.704164E+07  0.703986E+07  0.780399E+06  0.682746E+06  0.655677E+07  0.704164E+07  0.974616E+00  0.703931E+07
  0.163730E-02  0.701985E+07  0.701801E+07  0.695170E+06  0.618144E+06  0.644843E+07  0.701985E+07  0.974495E+00  0.701714E+07
  0.180791E-02  0.699479E+07  0.699291E+07  0.615872E+06  0.556713E+06  0.632627E+07  0.699478E+07  0.974387E+00  0.699166E+07
  0.199631E-02  0.696608E+07  0.696417E+07  0.505541E+06  0.461626E+06  0.619021E+07  0.696608E+07  0.974284E+00  0.696249E+07
  0.220434E-02  0.693333E+07  0.693137E+07  0.374632E+06  0.344769E+06  0.604072E+07  0.693332E+07  0.974183E+00  0.692924E+07
  0.243404E-02  0.689609E+07  0.689406E+07  0.270887E+06  0.253782E+06  0.587883E+07  0.689609E+07  0.974082E+00  0.689147E+07
  0.268769E-02  0.685394E+07  0.685178E+07  0.223987E+06  0.215239E+06  0.570604E+07  0.685394E+07  0.973985E+00  0.684874E+07
  0.296776E-02  0.680639E+07  0.680406E+07  0.202377E+06  0.000000E+00  0.552404E+07  0.680639E+07  0.973892E+00  0.680060E+07
  0.327702E-02  0.675300E+07  0.675044E+07  0.160478E+06  0.000000E+00  0.533432E+07  0.675300E+07  0.973802E+00  0.674659E+07
  0.361851E-02  0.669328E+07  0.669047E+07  0.118317E+06  0.000000E+00  0.513780E+07  0.669328E+07  0.973715E+00  0.668626E+07
  0.399558E-02  0.662677E+07  0.662367E+07  0.107044E+06  0.000000E+00  0.493465E+07  0.662676E+07  0.973632E+00  0.661912E+07
  0.441194E-02  0.655298E+07  0.654955E+07  0.882409E+05  0.000000E+00  0.472461E+07  0.655297E+07  0.973552E+00  0.654470E+07
  0.487169E-02  0.647143E+07  0.646759E+07  0.656874E+05  0.000000E+00  0.450763E+07  0.647143E+07  0.973473E+00  0.646252E+07
  0.537935E-02  0.638165E+07  0.637729E+07  0.605782E+05  0.000000E+00  0.428392E+07  0.638165E+07  0.973396E+00  0.637209E+07
  0.593992E-02  0.628334E+07  0.627836E+07  0.426247E+05  0.000000E+00  0.403705E+07  0.628334E+07  0.973313E+00  0.627305E+07
  0.655889E-02  0.617562E+07  0.616993E+07  0.367617E+05  0.000000E+00  0.379106E+07  0.617562E+07  0.973233E+00  0.616464E+07
  0.724237E-02  0.605819E+07  0.605162E+07  0.280849E+05  0.000000E+00  0.353621E+07  0.605819E+07  0.973150E+00  0.604648E+07
  0.799707E-02  0.593043E+07  0.592282E+07  0.219075E+05  0.000000E+00  0.327698E+07  0.593043E+07  0.973066E+00  0.591800E+07
  0.883042E-02  0.579204E+07  0.578319E+07  0.196977E+05  0.000000E+00  0.302155E+07  0.579204E+07  0.972983E+00  0.577892E+07
  0.975060E-02  0.564253E+07  0.563223E+07  0.144438E+05  0.000000E+00  0.277051E+07  0.564253E+07  0.972904E+00  0.562876E+07
  0.107667E-01  0.548138E+07  0.546936E+07  0.114079E+05  0.000000E+00  0.252051E+07  0.548138E+07  0.972827E+00  0.546696E+07
  0.118886E-01  0.530817E+07  0.529415E+07  0.892313E+04  0.000000E+00  0.227404E+07  0.530816E+07  0.972749E+00  0.529312E+07
  0.131275E-01  0.512248E+07  0.510616E+07  0.700451E+04  0.000000E+00  0.203654E+07  0.512248E+07  0.972673E+00  0.510686E+07
  0.144955E-01  0.492398E+07  0.490503E+07  0.582977E+04  0.000000E+00  0.180956E+07  0.492398E+07  0.972602E+00  0.490783E+07
  0.160060E-01  0.471250E+07  0.469058E+07  0.443421E+04  0.000000E+00  0.159214E+07  0.471250E+07  0.972532E+00  0.469585E+07
  0.176739E-01  0.448806E+07  0.446286E+07  0.331505E+04  0.000000E+00  0.138807E+07  0.448806E+07  0.972466E+00  0.447098E+07
  0.195156E-01  0.425105E+07  0.422230E+07  0.264007E+04  0.000000E+00  0.119792E+07  0.425105E+07  0.972403E+00  0.423362E+07
  0.215493E-01  0.400238E+07  0.396993E+07  0.222242E+04  0.000000E+00  0.102272E+07  0.400238E+07  0.972344E+00  0.398468E+07
  0.237949E-01  0.374369E+07  0.370752E+07  0.166141E+04  0.000000E+00  0.863343E+06  0.374369E+07  0.972289E+00  0.372583E+07
  0.262744E-01  0.347760E+07  0.343793E+07  0.120492E+04  0.000000E+00  0.720559E+06  0.347759E+07  0.972238E+00  0.345971E+07
  0.290124E-01  0.320791E+07  0.316530E+07  0.836623E+03  0.000000E+00  0.594365E+06  0.320791E+07  0.972190E+00  0.319017E+07
  0.320357E-01  0.293975E+07  0.289513E+07  0.753414E+03  0.000000E+00  0.484904E+06  0.293975E+07  0.972147E+00  0.292237E+07
  0.353740E-01  0.267945E+07  0.263419E+07  0.560838E+03  0.000000E+00  0.391811E+06  0.267945E+07  0.972107E+00  0.266268E+07
  0.390602E-01  0.243410E+07  0.238995E+07  0.368700E+03  0.000000E+00  0.314206E+06  0.243410E+07  0.972072E+00  0.241820E+07
  0.431305E-01  0.221047E+07  0.216948E+07  0.284633E+03  0.000000E+00  0.250888E+06  0.221047E+07  0.972039E+00  0.219575E+07
  0.474435E-01  0.201989E+07  0.198379E+07  0.000000E+00  0.000000E+00  0.201850E+06  0.201988E+07  0.972011E+00  0.200653E+07
  0.517566E-01  0.186980E+07  0.183941E+07  0.000000E+00  0.000000E+00  0.165865E+06  0.186980E+07  0.971989E+00  0.185782E+07
  0.560696E-01  0.174776E+07  0.172305E+07  0.000000E+00  0.000000E+00  0.138610E+06  0.174776E+07  0.971970E+00  0.173707E+07
  0.603827E-01  0.164446E+07  0.162471E+07  0.000000E+00  0.000000E+00  0.117330E+06  0.164446E+07  0.971954E+00  0.163490E+07
  0.646957E-01  0.155237E+07  0.153641E+07  0.000000E+00  0.000000E+00  0.100197E+06  0.155237E+07  0.971940E+00  0.154372E+07
  0.690088E-01  0.146544E+07  0.145184E+07  0.000000E+00  0.000000E+00  0.859825E+05  0.146544E+07  0.971928E+00  0.145747E+07
  0.733218E-01  0.137994E+07  0.136734E+07  0.000000E+00  0.000000E+00  0.739250E+05  0.137993E+07  0.971918E+00  0.137243E+07
  0.776349E-01  0.129462E+07  0.128191E+07  0.000000E+00  0.000000E+00  0.635746E+05  0.129462E+07  0.971909E+00  0.128742E+07
  0.819479E-01  0.121066E+07  0.119710E+07  0.000000E+00  0.000000E+00  0.546965E+05  0.121066E+07  0.971902E+00  0.120364E+07
  0.862610E-01  0.113012E+07  0.111543E+07  0.000000E+00  0.000000E+00  0.471349E+05  0.113012E+07  0.971895E+00  0.112323E+07
  0.905740E-01  0.105516E+07  0.103945E+07  0.000000E+00  0.000000E+00  0.407516E+05  0.105516E+07  0.971889E+00  0.104840E+07
  0.970275E-01  0.957091E+06  0.940711E+06  0.000000E+00  0.000000E+00  0.331264E+05  0.957089E+06  0.971881E+00  0.950612E+06
  0.103481E+00  0.878816E+06  0.863174E+06  0.000000E+00  0.000000E+00  0.333474E+05  0.878814E+06  0.971888E+00  0.872786E+06
  0.109934E+00  0.819609E+06  0.805915E+06  0.000000E+00  0.000000E+00  0.283318E+05  0.819607E+06  0.971882E+00  0.814114E+06
  0.116388E+00  0.774458E+06  0.763276E+06  0.000000E+00  0.000000E+00  0.244976E+05  0.774456E+06  0.971876E+00  0.769531E+06
  0.122841E+00  0.736655E+06  0.727784E+06  0.000000E+00  0.000000E+00  0.214077E+05  0.736652E+06  0.971871E+00  0.732236E+06
  0.129295E+00  0.700224E+06  0.692897E+06  0.000000E+00  0.000000E+00  0.187593E+05  0.700221E+06  0.971866E+00  0.696190E+06
  0.135748E+00  0.661422E+06  0.654670E+06  0.000000E+00  0.000000E+00  0.163855E+05  0.661419E+06  0.971863E+00  0.657633E+06
  0.142201E+00  0.620004E+06  0.613033E+06  0.000000E+00  0.000000E+00  0.142436E+05  0.620001E+06  0.971859E+00  0.616347E+06
  0.148655E+00  0.578509E+06  0.570940E+06  0.000000E+00  0.000000E+00  0.123573E+05  0.578506E+06  0.971856E+00  0.574926E+06
  0.155108E+00  0.539936E+06  0.531846E+06  0.000000E+00  0.000000E+00  0.107514E+05  0.539932E+06  0.971853E+00  0.536428E+06
  0.161562E+00  0.506539E+06  0.498330E+06  0.000000E+00  0.000000E+00  0.942624E+04  0.506535E+06  0.971851E+00  0.503148E+06
  0.168015E+00  0.479497E+06  0.471679E+06  0.000000E+00  0.000000E+00  0.835907E+04  0.479493E+06  0.971848E+00  0.476277E+06
  0.174468E+00  0.458298E+06  0.451269E+06  0.000000E+00  0.000000E+00  0.750137E+04  0.458293E+06  0.971846E+00  0.455288E+06
  0.180922E+00  0.440912E+06  0.434828E+06  0.000000E+00  0.000000E+00  0.678984E+04  0.440908E+06  0.971845E+00  0.438121E+06
  0.187375E+00  0.425016E+06  0.419769E+06  0.000000E+00  0.000000E+00  0.616910E+04  0.425011E+06  0.971843E+00  0.422420E+06
  0.193829E+00  0.408878E+06  0.404181E+06  0.000000E+00  0.000000E+00  0.560291E+04  0.408873E+06  0.971841E+00  0.406435E+06
  0.200282E+00  0.391641E+06  0.387154E+06  0.000000E+00  0.000000E+00  0.507427E+04  0.391635E+06  0.971840E+00  0.389300E+06
  0.206735E+00  0.373443E+06  0.368899E+06  0.000000E+00  0.000000E+00  0.458123E+04  0.373436E+06  0.971839E+00  0.371169E+06
  0.213189E+00  0.355194E+06  0.350476E+06  0.000000E+00  0.000000E+00  0.413140E+04  0.355188E+06  0.971837E+00  0.352968E+06
  0.219642E+00  0.338006E+06  0.333151E+06  0.000000E+00  0.000000E+00  0.373267E+04  0.337999E+06  0.971836E+00  0.335830E+06
  0.226096E+00  0.322759E+06  0.317913E+06  0.000000E+00  0.000000E+00  0.338875E+04  0.322751E+06  0.971835E+00  0.320647E+06
  0.232549E+00  0.309853E+06  0.305195E+06  0.000000E+00  0.000000E+00  0.309710E+04  0.309845E+06  0.971834E+00  0.307824E+06
  0.239003E+00  0.299056E+06  0.294723E+06  0.000000E+00  0.000000E+00  0.284930E+04  0.299047E+06  0.971833E+00  0.297122E+06
  0.245456E+00  0.289643E+06  0.285689E+06  0.000000E+00  0.000000E+00  0.263359E+04  0.289634E+06  0.971833E+00  0.287808E+06
  0.251909E+00  0.280806E+06  0.277193E+06  0.000000E+00  0.000000E+00  0.243916E+04  0.280796E+06  0.971832E+00  0.279061E+06
  0.258363E+00  0.271943E+06  0.268570E+06  0.000000E+00  0.000000E+00  0.225884E+04  0.271933E+06  0.971831E+00  0.270272E+06
  0.264816E+00  0.262761E+06  0.259508E+06  0.000000E+00  0.000000E+00  0.208892E+04  0.262750E+06  0.971830E+00  0.261147E+06
  0.271270E+00  0.253302E+06  0.250075E+06  0.000000E+00  0.000000E+00  0.192904E+04  0.253290E+06  0.971830E+00  0.251731E+06
  0.277723E+00  0.243884E+06  0.240637E+06  0.000000E+00  0.000000E+00  0.178068E+04  0.243871E+06  0.971829E+00  0.242349E+06
  0.284176E+00  0.234915E+06  0.231657E+06  0.000000E+00  0.000000E+00  0.164589E+04  0.234902E+06  0.971829E+00  0.233416E+06
  0.290630E+00  0.226713E+06  0.223492E+06  0.000000E+00  0.000000E+00  0.152550E+04  0.226700E+06  0.971828E+00  0.225254E+06
  0.297083E+00  0.219403E+06  0.216278E+06  0.000000E+00  0.000000E+00  0.141900E+04  0.219388E+06  0.971828E+00  0.217989E+06
  0.303537E+00  0.212906E+06  0.209926E+06  0.000000E+00  0.000000E+00  0.132462E+04  0.212890E+06  0.971827E+00  0.211542E+06
  0.309990E+00  0.206999E+06  0.204184E+06  0.000000E+00  0.000000E+00  0.123981E+04  0.206983E+06  0.971827E+00  0.205685E+06
  0.316443E+00  0.201417E+06  0.198756E+06  0.000000E+00  0.000000E+00  0.116214E+04  0.201400E+06  0.971826E+00  0.200151E+06
  0.322897E+00  0.195932E+06  0.193392E+06  0.000000E+00  0.000000E+00  0.108976E+04  0.195914E+06  0.971826E+00  0.194707E+06
  0.329350E+00  0.190417E+06  0.187956E+06  0.000000E+00  0.000000E+00  0.102158E+04  0.190398E+06  0.971825E+00  0.189228E+06
  0.335804E+00  0.184869E+06  0.182451E+06  0.000000E+00  0.000000E+00  0.957212E+03  0.184849E+06  0.971825E+00  0.183709E+06
  0.342257E+00  0.179387E+06  0.176994E+06  0.000000E+00  0.000000E+00  0.896999E+03  0.179366E+06  0.971825E+00  0.178254E+06
  0.348711E+00  0.174111E+06  0.171743E+06  0.000000E+00  0.000000E+00  0.841262E+03  0.174090E+06  0.971824E+00  0.173005E+06
  0.355164E+00  0.169156E+06  0.166825E+06  0.000000E+00  0.000000E+00  0.790200E+03  0.169134E+06  0.971824E+00  0.168076E+06
  0.361617E+00  0.164567E+06  0.162293E+06  0.000000E+00  0.000000E+00  0.743687E+03  0.164544E+06  0.971824E+00  0.163515E+06
  0.368071E+00  0.160325E+06  0.158125E+06  0.000000E+00  0.000000E+00  0.701267E+03  0.160301E+06  0.971823E+00  0.159302E+06
  0.374524E+00  0.156367E+06  0.154247E+06  0.000000E+00  0.000000E+00  0.662340E+03  0.156341E+06  0.971823E+00  0.155373E+06
  0.380978E+00  0.152599E+06  0.150558E+06  0.000000E+00  0.000000E+00  0.626277E+03  0.152572E+06  0.971823E+00  0.151633E+06
  0.387431E+00  0.148930E+06  0.146957E+06  0.000000E+00  0.000000E+00  0.592502E+03  0.148903E+06  0.971823E+00  0.147991E+06
  0.393884E+00  0.145311E+06  0.143392E+06  0.000000E+00  0.000000E+00  0.560624E+03  0.145282E+06  0.971822E+00  0.144395E+06
  0.400338E+00  0.141740E+06  0.139860E+06  0.000000E+00  0.000000E+00  0.530570E+03  0.141710E+06  0.971822E+00  0.140845E+06
  0.406791E+00  0.138238E+06  0.136390E+06  0.000000E+00  0.000000E+00  0.502269E+03  0.138207E+06  0.971822E+00  0.137363E+06
  0.413245E+00  0.134840E+06  0.133021E+06  0.000000E+00  0.000000E+00  0.475723E+03  0.134808E+06  0.971822E+00  0.133983E+06
  0.419698E+00  0.131587E+06  0.129800E+06  0.000000E+00  0.000000E+00  0.450993E+03  0.131553E+06  0.971821E+00  0.130748E+06
  0.426151E+00  0.128503E+06  0.126754E+06  0.000000E+00  0.000000E+00  0.428028E+03  0.128468E+06  0.971821E+00  0.127683E+06
  0.432605E+00  0.125584E+06  0.123878E+06  0.000000E+00  0.000000E+00  0.406689E+03  0.125547E+06  0.971821E+00  0.124783E+06
  0.439058E+00  0.122808E+06  0.121148E+06  0.000000E+00  0.000000E+00  0.386812E+03  0.122770E+06  0.971821E+00  0.122026E+06
  0.445512E+00  0.120146E+06  0.118531E+06  0.000000E+00  0.000000E+00  0.368209E+03  0.120107E+06  0.971820E+00  0.119382E+06
  0.451965E+00  0.117566E+06  0.115993E+06  0.000000E+00  0.000000E+00  0.350684E+03  0.117526E+06  0.971820E+00  0.116820E+06
  0.458419E+00  0.115045E+06  0.113508E+06  0.000000E+00  0.000000E+00  0.334130E+03  0.115003E+06  0.971820E+00  0.114314E+06
  0.464872E+00  0.112575E+06  0.111071E+06  0.000000E+00  0.000000E+00  0.318452E+03  0.112532E+06  0.971820E+00  0.111860E+06
  0.471325E+00  0.110164E+06  0.108687E+06  0.000000E+00  0.000000E+00  0.303620E+03  0.110119E+06  0.971820E+00  0.109463E+06
  0.477779E+00  0.107819E+06  0.106368E+06  0.000000E+00  0.000000E+00  0.289620E+03  0.107772E+06  0.971819E+00  0.107132E+06
  0.484232E+00  0.105550E+06  0.104125E+06  0.000000E+00  0.000000E+00  0.276422E+03  0.105502E+06  0.971819E+00  0.104877E+06
  0.490686E+00  0.103367E+06  0.101969E+06  0.000000E+00  0.000000E+00  0.264004E+03  0.103318E+06  0.971819E+00  0.102707E+06
  0.497139E+00  0.101272E+06  0.999027E+05  0.000000E+00  0.000000E+00  0.252323E+03  0.101221E+06  0.971819E+00  0.100625E+06
  0.503592E+00  0.992551E+05  0.979154E+05  0.000000E+00  0.000000E+00  0.241327E+03  0.992023E+05  0.971819E+00  0.986211E+05
  0.510046E+00  0.973063E+05  0.959958E+05  0.000000E+00  0.000000E+00  0.230933E+03  0.972518E+05  0.971818E+00  0.966849E+05
  0.516499E+00  0.954165E+05  0.941339E+05  0.000000E+00  0.000000E+00  0.221101E+03  0.953604E+05  0.971818E+00  0.948074E+05
  0.522953E+00  0.935774E+05  0.923208E+05  0.000000E+00  0.000000E+00  0.211774E+03  0.935195E+05  0.971818E+00  0.929799E+05
  0.529406E+00  0.917810E+05  0.905485E+05  0.000000E+00  0.000000E+00  0.202918E+03  0.917214E+05  0.971818E+00  0.911947E+05
  0.535859E+00  0.900267E+05  0.888165E+05  0.000000E+00  0.000000E+00  0.194496E+03  0.899654E+05  0.971817E+00  0.894511E+05
  0.542313E+00  0.883186E+05  0.871296E+05  0.000000E+00  0.000000E+00  0.186495E+03  0.882554E+05  0.971817E+00  0.877533E+05
  0.548766E+00  0.866588E+05  0.854904E+05  0.000000E+00  0.000000E+00  0.178906E+03  0.865938E+05  0.971817E+00  0.861036E+05
  0.555220E+00  0.850478E+05  0.839001E+05  0.000000E+00  0.000000E+00  0.171699E+03  0.849810E+05  0.971817E+00  0.845025E+05
  0.561673E+00  0.834864E+05  0.823595E+05  0.000000E+00  0.000000E+00  0.164864E+03  0.834178E+05  0.971817E+00  0.829508E+05
  0.568127E+00  0.819739E+05  0.808677E+05  0.000000E+00  0.000000E+00  0.158374E+03  0.819034E+05  0.971816E+00  0.814477E+05
  0.574580E+00  0.805058E+05  0.794201E+05  0.000000E+00  0.000000E+00  0.152211E+03  0.804333E+05  0.971816E+00  0.799888E+05
  0.581033E+00  0.790766E+05  0.780109E+05  0.000000E+00  0.000000E+00  0.146341E+03  0.790023E+05  0.971816E+00  0.785686E+05
  0.587487E+00  0.776841E+05  0.766376E+05  0.000000E+00  0.000000E+00  0.140755E+03  0.776078E+05  0.971816E+00  0.771848E+05
  0.593940E+00  0.763258E+05  0.752976E+05  0.000000E+00  0.000000E+00  0.135422E+03  0.762475E+05  0.971816E+00  0.758349E+05
  0.600394E+00  0.749994E+05  0.739887E+05  0.000000E+00  0.000000E+00  0.130333E+03  0.749191E+05  0.971815E+00  0.745167E+05
  0.606847E+00  0.737043E+05  0.727103E+05  0.000000E+00  0.000000E+00  0.125481E+03  0.736220E+05  0.971815E+00  0.732294E+05
  0.613300E+00  0.724417E+05  0.714641E+05  0.000000E+00  0.000000E+00  0.120844E+03  0.723573E+05  0.971815E+00  0.719745E+05
  0.619754E+00  0.712117E+05  0.702501E+05  0.000000E+00  0.000000E+00  0.116422E+03  0.711253E+05  0.971815E+00  0.707521E+05
  0.626207E+00  0.700131E+05  0.690674E+05  0.000000E+00  0.000000E+00  0.112204E+03  0.699247E+05  0.971814E+00  0.695609E+05
  0.673613E+00  0.620649E+05  0.612258E+05  0.000000E+00  0.000000E+00  0.863963E+02  0.619606E+05  0.971812E+00  0.616614E+05
  0.724609E+00  0.548864E+05  0.541426E+05  0.000000E+00  0.000000E+00  0.663246E+02  0.547642E+05  0.971810E+00  0.545265E+05
  0.779464E+00  0.484063E+05  0.477482E+05  0.000000E+00  0.000000E+00  0.507528E+02  0.482644E+05  0.971807E+00  0.480854E+05
  0.838472E+00  0.425581E+05  0.419773E+05  0.000000E+00  0.000000E+00  0.386970E+02  0.423951E+05  0.971803E+00  0.422720E+05
  0.901948E+00  0.372862E+05  0.367749E+05  0.000000E+00  0.000000E+00  0.293884E+02  0.371016E+05  0.971798E+00  0.370313E+05
  0.970229E+00  0.325506E+05  0.321018E+05  0.000000E+00  0.000000E+00  0.222307E+02  0.323450E+05  0.971792E+00  0.323236E+05
  0.104368E+01  0.283236E+05  0.279307E+05  0.000000E+00  0.000000E+00  0.167552E+02  0.280992E+05  0.971783E+00  0.281215E+05
  0.108310E+01  0.263661E+05  0.259991E+05  0.000000E+00  0.000000E+00  0.144980E+02  0.261333E+05  0.971778E+00  0.261755E+05
  0.113863E+01  0.239265E+05  0.235921E+05  0.000000E+00  0.000000E+00  0.119203E+02  0.236841E+05  0.971769E+00  0.237505E+05
  0.119701E+01  0.217160E+05  0.214114E+05  0.000000E+00  0.000000E+00  0.980079E+01  0.214655E+05  0.971758E+00  0.215532E+05
  0.125838E+01  0.197299E+05  0.194523E+05  0.000000E+00  0.000000E+00  0.806502E+01  0.194725E+05  0.971746E+00  0.195791E+05
  0.132290E+01  0.179584E+05  0.177051E+05  0.000000E+00  0.000000E+00  0.664872E+01  0.176937E+05  0.971730E+00  0.178183E+05
  0.139073E+01  0.163833E+05  0.161518E+05  0.000000E+00  0.000000E+00  0.549276E+01  0.161096E+05  0.971711E+00  0.162524E+05
  0.146203E+01  0.149772E+05  0.147650E+05  0.000000E+00  0.000000E+00  0.454636E+01  0.146909E+05  0.971688E+00  0.148541E+05
  0.153699E+01  0.137046E+05  0.135097E+05  0.000000E+00  0.000000E+00  0.376615E+01  0.134018E+05  0.971661E+00  0.135881E+05
  0.161579E+01  0.125301E+05  0.123509E+05  0.000000E+00  0.000000E+00  0.311704E+01  0.122078E+05  0.971628E+00  0.124193E+05
  0.169864E+01  0.114295E+05  0.112647E+05  0.000000E+00  0.000000E+00  0.257328E+01  0.110874E+05  0.971587E+00  0.113237E+05
  0.178573E+01  0.103980E+05  0.102468E+05  0.000000E+00  0.000000E+00  0.211871E+01  0.100391E+05  0.971539E+00  0.102972E+05
  0.187729E+01  0.944854E+04  0.931014E+04  0.000000E+00  0.000000E+00  0.174213E+01  0.907559E+04  0.971480E+00  0.935243E+04
  0.197353E+01  0.859352E+04  0.846700E+04  0.000000E+00  0.000000E+00  0.143370E+01  0.820631E+04  0.971410E+00  0.850158E+04
  0.207472E+01  0.782578E+04  0.771000E+04  0.000000E+00  0.000000E+00  0.118107E+01  0.742094E+04  0.971325E+00  0.773714E+04
  0.218109E+01  0.712244E+04  0.701626E+04  0.000000E+00  0.000000E+00  0.972407E+00  0.669877E+04  0.971224E+00  0.703655E+04
  0.229292E+01  0.647203E+04  0.637460E+04  0.000000E+00  0.000000E+00  0.799112E+00  0.603272E+04  0.971102E+00  0.638882E+04
  0.241048E+01  0.588222E+04  0.579299E+04  0.000000E+00  0.000000E+00  0.656815E+00  0.542828E+04  0.970956E+00  0.580144E+04
  0.253407E+01  0.535078E+04  0.526913E+04  0.000000E+00  0.000000E+00  0.540275E+00  0.487956E+04  0.970784E+00  0.527184E+04
  0.266399E+01  0.486275E+04  0.478790E+04  0.000000E+00  0.000000E+00  0.443861E+00  0.437642E+04  0.970578E+00  0.478555E+04
  0.280058E+01  0.441899E+04  0.435037E+04  0.000000E+00  0.000000E+00  0.364622E+00  0.391889E+04  0.970334E+00  0.434338E+04
  0.294417E+01  0.401732E+04  0.395452E+04  0.000000E+00  0.000000E+00  0.299558E+00  0.350243E+04  0.970048E+00  0.394295E+04
  0.309512E+01  0.365048E+04  0.359291E+04  0.000000E+00  0.000000E+00  0.245993E+00  0.312377E+04  0.969710E+00  0.357739E+04
  0.325381E+01  0.331805E+04  0.326531E+04  0.000000E+00  0.000000E+00  0.202014E+00  0.277904E+04  0.969316E+00  0.324599E+04
  0.342063E+01  0.301571E+04  0.296740E+04  0.000000E+00  0.000000E+00  0.165826E+00  0.246699E+04  0.968854E+00  0.294473E+04
  0.359601E+01  0.274094E+04  0.269668E+04  0.000000E+00  0.000000E+00  0.136140E+00  0.218347E+04  0.968321E+00  0.267095E+04
  0.378039E+01  0.249176E+04  0.245122E+04  0.000000E+00  0.000000E+00  0.111743E+00  0.192704E+04  0.967704E+00  0.242274E+04
  0.397421E+01  0.226532E+04  0.222819E+04  0.000000E+00  0.000000E+00  0.917088E-01  0.169566E+04  0.966994E+00  0.219733E+04
  0.417797E+01  0.205968E+04  0.202566E+04  0.000000E+00  0.000000E+00  0.752751E-01  0.148700E+04  0.966185E+00  0.199277E+04
  0.439218E+01  0.187312E+04  0.184197E+04  0.000000E+00  0.000000E+00  0.617824E-01  0.129933E+04  0.965268E+00  0.180735E+04
  0.461737E+01  0.170379E+04  0.167526E+04  0.000000E+00  0.000000E+00  0.507072E-01  0.113099E+04  0.964233E+00  0.163923E+04
  0.485411E+01  0.155008E+04  0.152395E+04  0.000000E+00  0.000000E+00  0.416204E-01  0.980431E+03  0.963076E+00  0.148684E+04
  0.510299E+01  0.141055E+04  0.138662E+04  0.000000E+00  0.000000E+00  0.341595E-01  0.846217E+03  0.961792E+00  0.134874E+04
  0.536462E+01  0.128388E+04  0.126197E+04  0.000000E+00  0.000000E+00  0.280439E-01  0.727152E+03  0.960375E+00  0.122362E+04
  0.563967E+01  0.116889E+04  0.114883E+04  0.000000E+00  0.000000E+00  0.230313E-01  0.621841E+03  0.958825E+00  0.111030E+04
  0.592883E+01  0.106446E+04  0.104609E+04  0.000000E+00  0.000000E+00  0.189132E-01  0.529108E+03  0.957149E+00  0.100766E+04
  0.623281E+01  0.969622E+03  0.952805E+03  0.000000E+00  0.000000E+00  0.155359E-01  0.447833E+03  0.955348E+00  0.914721E+03
  0.655237E+01  0.883460E+03  0.868064E+03  0.000000E+00  0.000000E+00  0.127621E-01  0.377009E+03  0.953432E+00  0.830562E+03
  0.688831E+01  0.805161E+03  0.791066E+03  0.000000E+00  0.000000E+00  0.104902E-01  0.315614E+03  0.951416E+00  0.754359E+03
  0.724148E+01  0.733979E+03  0.721075E+03  0.000000E+00  0.000000E+00  0.862164E-02  0.262703E+03  0.949314E+00  0.685351E+03
  0.761276E+01  0.669250E+03  0.657437E+03  0.000000E+00  0.000000E+00  0.709086E-02  0.217355E+03  0.947149E+00  0.622857E+03
  0.800308E+01  0.610362E+03  0.599548E+03  0.000000E+00  0.000000E+00  0.583435E-02  0.178769E+03  0.944940E+00  0.566248E+03
  0.841341E+01  0.556771E+03  0.546871E+03  0.000000E+00  0.000000E+00  0.480027E-02  0.146140E+03  0.942713E+00  0.514962E+03
  0.884477E+01  0.507979E+03  0.498916E+03  0.000000E+00  0.000000E+00  0.395142E-02  0.118745E+03  0.940494E+00  0.468482E+03
  0.929825E+01  0.463541E+03  0.455243E+03  0.000000E+00  0.000000E+00  0.325381E-02  0.958949E+02  0.938305E+00  0.426345E+03
  0.977498E+01  0.423051E+03  0.415454E+03  0.000000E+00  0.000000E+00  0.268045E-02  0.769790E+02  0.936173E+00  0.388127E+03
  0.102762E+02  0.386146E+03  0.379190E+03  0.000000E+00  0.000000E+00  0.220942E-02  0.614313E+02  0.934123E+00  0.353450E+03
  0.108030E+02  0.352497E+03  0.346129E+03  0.000000E+00  0.000000E+00  0.182055E-02  0.487374E+02  0.932170E+00  0.321970E+03
  0.113569E+02  0.321809E+03  0.315976E+03  0.000000E+00  0.000000E+00  0.150144E-02  0.384552E+02  0.930332E+00  0.293379E+03
  0.119392E+02  0.293811E+03  0.288469E+03  0.000000E+00  0.000000E+00  0.123822E-02  0.301751E+02  0.928620E+00  0.267397E+03
  0.125513E+02  0.268262E+03  0.263369E+03  0.000000E+00  0.000000E+00  0.102105E-02  0.235610E+02  0.927045E+00  0.243774E+03
  0.131948E+02  0.244942E+03  0.240459E+03  0.000000E+00  0.000000E+00  0.842588E-03  0.183055E+02  0.925611E+00  0.222284E+03
  0.138714E+02  0.223653E+03  0.219546E+03  0.000000E+00  0.000000E+00  0.695145E-03  0.141601E+02  0.924313E+00  0.202726E+03
  0.145826E+02  0.204215E+03  0.200451E+03  0.000000E+00  0.000000E+00  0.574052E-03  0.109064E+02  0.923156E+00  0.184918E+03
  0.153302E+02  0.186465E+03  0.183014E+03  0.000000E+00  0.000000E+00  0.473873E-03  0.836891E+01  0.922130E+00  0.168696E+03
  0.161162E+02  0.170254E+03  0.167090E+03  0.000000E+00  0.000000E+00  0.391179E-03  0.639989E+01  0.921230E+00  0.153914E+03
  0.169425E+02  0.155448E+03  0.152546E+03  0.000000E+00  0.000000E+00  0.322893E-03  0.487772E+01  0.920445E+00  0.140437E+03
  0.178112E+02  0.141924E+03  0.139261E+03  0.000000E+00  0.000000E+00  0.266573E-03  0.370734E+01  0.919759E+00  0.128149E+03
  0.187244E+02  0.129572E+03  0.127127E+03  0.000000E+00  0.000000E+00  0.220214E-03  0.281143E+01  0.919169E+00  0.116940E+03
  0.196844E+02  0.118288E+03  0.116043E+03  0.000000E+00  0.000000E+00  0.181765E-03  0.212699E+01  0.918663E+00  0.106714E+03
  0.206936E+02  0.107982E+03  0.105919E+03  0.000000E+00  0.000000E+00  0.150110E-03  0.160594E+01  0.918226E+00  0.973831E+02
  0.217546E+02  0.985677E+02  0.966717E+02  0.000000E+00  0.000000E+00  0.124000E-03  0.121042E+01  0.917856E+00  0.888673E+02
  0.228700E+02  0.899690E+02  0.882250E+02  0.000000E+00  0.000000E+00  0.102296E-03  0.911157E+00  0.917536E+00  0.810948E+02
  0.240426E+02  0.821153E+02  0.805101E+02  0.000000E+00  0.000000E+00  0.845004E-04  0.684819E+00  0.917258E+00  0.740002E+02
  0.252753E+02  0.749423E+02  0.734638E+02  0.000000E+00  0.000000E+00  0.697900E-04  0.514506E+00  0.917019E+00  0.675238E+02
  0.265712E+02  0.683914E+02  0.670285E+02  0.000000E+00  0.000000E+00  0.576209E-04  0.385835E+00  0.916811E+00  0.616114E+02
  0.279335E+02  0.624089E+02  0.611515E+02  0.000000E+00  0.000000E+00  0.475769E-04  0.289400E+00  0.916627E+00  0.562141E+02
  0.293657E+02  0.569458E+02  0.557846E+02  0.000000E+00  0.000000E+00  0.392456E-04  0.216819E+00  0.916465E+00  0.512868E+02
  0.308713E+02  0.519575E+02  0.508841E+02  0.000000E+00  0.000000E+00  0.324035E-04  0.162258E+00  0.916313E+00  0.467887E+02
  0.324541E+02  0.474028E+02  0.464094E+02  0.000000E+00  0.000000E+00  0.267635E-04  0.121411E+00  0.916178E+00  0.426824E+02
  0.341180E+02  0.432443E+02  0.423239E+02  0.000000E+00  0.000000E+00  0.220859E-04  0.908413E-01  0.916050E+00  0.389340E+02
  0.358673E+02  0.394479E+02  0.385940E+02  0.000000E+00  0.000000E+00  0.182271E-04  0.679781E-01  0.915922E+00  0.355123E+02
  0.377063E+02  0.359822E+02  0.351890E+02  0.000000E+00  0.000000E+00  0.150424E-04  0.508239E-01  0.915800E+00  0.323891E+02
  0.396395E+02  0.328187E+02  0.320807E+02  0.000000E+00  0.000000E+00  0.123988E-04  0.379620E-01  0.915679E+00  0.295385E+02
  0.416719E+02  0.299311E+02  0.292435E+02  0.000000E+00  0.000000E+00  0.102424E-04  0.283569E-01  0.915553E+00  0.269367E+02
  0.438084E+02  0.272957E+02  0.266539E+02  0.000000E+00  0.000000E+00  0.845381E-05  0.211965E-01  0.915417E+00  0.245621E+02
  0.460545E+02  0.248905E+02  0.242905E+02  0.000000E+00  0.000000E+00  0.696393E-05  0.158139E-01  0.915284E+00  0.223952E+02
  0.484158E+02  0.226956E+02  0.221336E+02  0.000000E+00  0.000000E+00  0.574317E-05  0.118086E-01  0.915134E+00  0.204177E+02
  0.508981E+02  0.206927E+02  0.201653E+02  0.000000E+00  0.000000E+00  0.474173E-05  0.883397E-02  0.914979E+00  0.186134E+02
  0.535077E+02  0.188652E+02  0.183693E+02  0.000000E+00  0.000000E+00  0.391362E-05  0.659511E-02  0.914810E+00  0.169670E+02
  0.562511E+02  0.171977E+02  0.167305E+02  0.000000E+00  0.000000E+00  0.323111E-05  0.491908E-02  0.914629E+00  0.154648E+02
  0.591352E+02  0.156765E+02  0.152353E+02  0.000000E+00  0.000000E+00  0.265943E-05  0.367346E-02  0.914423E+00  0.140944E+02
  0.621671E+02  0.142887E+02  0.138711E+02  0.000000E+00  0.000000E+00  0.219093E-05  0.273354E-02  0.914208E+00  0.128442E+02
  0.653545E+02  0.130228E+02  0.126267E+02  0.000000E+00  0.000000E+00  0.180769E-05  0.204528E-02  0.913969E+00  0.117038E+02
  0.687053E+02  0.118680E+02  0.114915E+02  0.000000E+00  0.000000E+00  0.149117E-05  0.152257E-02  0.913706E+00  0.106635E+02
  0.722279E+02  0.108147E+02  0.104560E+02  0.000000E+00  0.000000E+00  0.123073E-05  0.113959E-02  0.913415E+00  0.971464E+01
  0.759311E+02  0.985408E+01  0.951150E+01  0.000000E+00  0.000000E+00  0.101176E-05  0.845590E-03  0.913094E+00  0.884924E+01
  0.798242E+02  0.897799E+01  0.865007E+01  0.000000E+00  0.000000E+00  0.833181E-06  0.632848E-03  0.912742E+00  0.806000E+01
  0.839168E+02  0.817906E+01  0.786444E+01  0.000000E+00  0.000000E+00  0.687570E-06  0.471297E-03  0.912356E+00  0.734026E+01
  0.882193E+02  0.745051E+01  0.714797E+01  0.000000E+00  0.000000E+00  0.567180E-06  0.351538E-03  0.911938E+00  0.668392E+01
  0.927425E+02  0.678620E+01  0.649463E+01  0.000000E+00  0.000000E+00  0.467248E-06  0.262917E-03  0.911470E+00  0.608545E+01
  0.974974E+02  0.618050E+01  0.589889E+01  0.000000E+00  0.000000E+00  0.384950E-06  0.196343E-03  0.910953E+00  0.553977E+01
  0.102496E+03  0.562824E+01  0.535568E+01  0.000000E+00  0.000000E+00  0.316776E-06  0.144763E-03  0.910384E+00  0.504224E+01
  0.107751E+03  0.512478E+01  0.486045E+01  0.000000E+00  0.000000E+00  0.260403E-06  0.108848E-03  0.909765E+00  0.458866E+01
  0.113276E+03  0.466579E+01  0.440895E+01  0.000000E+00  0.000000E+00  0.214698E-06  0.812681E-04  0.909078E+00  0.417516E+01
  0.119084E+03  0.424741E+01  0.399738E+01  0.000000E+00  0.000000E+00  0.176748E-06  0.598410E-04  0.908318E+00  0.379822E+01
  0.125189E+03  0.386604E+01  0.362223E+01  0.000000E+00  0.000000E+00  0.145290E-06  0.448574E-04  0.907488E+00  0.345464E+01
  0.131608E+03  0.351841E+01  0.328029E+01  0.000000E+00  0.000000E+00  0.120030E-06  0.331368E-04  0.906583E+00  0.314147E+01
  0.138355E+03  0.320160E+01  0.296869E+01  0.000000E+00  0.000000E+00  0.986089E-07  0.250458E-04  0.905582E+00  0.285605E+01
  0.145449E+03  0.291285E+01  0.268473E+01  0.000000E+00  0.000000E+00  0.811568E-07  0.182594E-04  0.904479E+00  0.259592E+01
  0.152906E+03  0.264971E+01  0.242603E+01  0.000000E+00  0.000000E+00  0.667732E-07  0.139485E-04  0.903278E+00  0.235889E+01
  0.160746E+03  0.240993E+01  0.219037E+01  0.000000E+00  0.000000E+00  0.549033E-07  0.101233E-04  0.901953E+00  0.214289E+01
  0.168988E+03  0.219144E+01  0.197571E+01  0.000000E+00  0.000000E+00  0.451221E-07  0.766808E-05  0.900516E+00  0.194609E+01
  0.177652E+03  0.199236E+01  0.178026E+01  0.000000E+00  0.000000E+00  0.369494E-07  0.561181E-05  0.898936E+00  0.176680E+01
  0.186760E+03  0.181099E+01  0.160231E+01  0.000000E+00  0.000000E+00  0.303466E-07  0.416746E-05  0.897209E+00  0.160347E+01
  0.196336E+03  0.164576E+01  0.144037E+01  0.000000E+00  0.000000E+00  0.250086E-07  0.311702E-05  0.895326E+00  0.145471E+01
  0.206402E+03  0.149525E+01  0.129303E+01  0.000000E+00  0.000000E+00  0.204112E-07  0.237036E-05  0.893265E+00  0.131923E+01
  0.216985E+03  0.135816E+01  0.115903E+01  0.000000E+00  0.000000E+00  0.168094E-07  0.165267E-05  0.891035E+00  0.119585E+01
  0.228110E+03  0.123331E+01  0.103723E+01  0.000000E+00  0.000000E+00  0.137264E-07  0.130030E-05  0.888614E+00  0.108353E+01
  0.239805E+03  0.111961E+01  0.926575E+00  0.000000E+00  0.000000E+00  0.112777E-07  0.899909E-06  0.885980E+00  0.981283E+00
  0.252100E+03  0.101608E+01  0.826116E+00  0.000000E+00  0.000000E+00  0.926822E-08  0.669031E-06  0.883130E+00  0.888234E+00
  0.265025E+03  0.921837E+00  0.734982E+00  0.000000E+00  0.000000E+00  0.756245E-08  0.517545E-06  0.880066E+00  0.803574E+00
  0.278614E+03  0.836048E+00  0.652380E+00  0.000000E+00  0.000000E+00  0.616702E-08  0.361248E-06  0.876749E+00  0.726565E+00
  0.292898E+03  0.757978E+00  0.577596E+00  0.000000E+00  0.000000E+00  0.505289E-08  0.268108E-06  0.873203E+00  0.656546E+00
  0.307916E+03  0.686941E+00  0.509967E+00  0.000000E+00  0.000000E+00  0.409859E-08  0.192419E-06  0.869392E+00  0.592901E+00
  0.323703E+03  0.622326E+00  0.448902E+00  0.000000E+00  0.000000E+00  0.336912E-08  0.155872E-06  0.865329E+00  0.535079E+00
  0.340299E+03  0.563565E+00  0.393850E+00  0.000000E+00  0.000000E+00  0.274615E-08  0.107317E-06  0.861015E+00  0.482572E+00
  0.357747E+03  0.510144E+00  0.344310E+00  0.000000E+00  0.000000E+00  0.225613E-08  0.837392E-07  0.856458E+00  0.434915E+00
  0.376089E+03  0.461598E+00  0.299828E+00  0.000000E+00  0.000000E+00  0.183648E-08  0.717510E-07  0.851637E+00  0.391693E+00
  0.395372E+03  0.417497E+00  0.259980E+00  0.000000E+00  0.000000E+00  0.148997E-08  0.534084E-07  0.846594E+00  0.352516E+00
  0.415643E+03  0.377456E+00  0.224383E+00  0.000000E+00  0.000000E+00  0.121501E-08  0.361853E-07  0.841337E+00  0.317036E+00
  0.436953E+03  0.341118E+00  0.192675E+00  0.000000E+00  0.000000E+00  0.981555E-09  0.276311E-07  0.835876E+00  0.284931E+00
  0.459357E+03  0.308158E+00  0.164525E+00  0.000000E+00  0.000000E+00  0.802875E-09  0.155906E-07  0.830285E+00  0.255907E+00
  0.482908E+03  0.278283E+00  0.139625E+00  0.000000E+00  0.000000E+00  0.657597E-09  0.122060E-07  0.824572E+00  0.229695E+00
  0.507668E+03  0.251220E+00  0.117685E+00  0.000000E+00  0.000000E+00  0.533551E-09  0.752566E-08  0.818793E+00  0.206047E+00
  0.533696E+03  0.226723E+00  0.984383E-01  0.000000E+00  0.000000E+00  0.431897E-09  0.772545E-08  0.813040E+00  0.184737E+00
  0.561059E+03  0.204565E+00  0.816302E-01  0.000000E+00  0.000000E+00  0.350594E-09  0.376018E-08  0.807360E+00  0.165557E+00
  0.589825E+03  0.184536E+00  0.670243E-01  0.000000E+00  0.000000E+00  0.282688E-09  0.492250E-08  0.801870E+00  0.148311E+00
  0.620066E+03  0.166448E+00  0.544013E-01  0.000000E+00  0.000000E+00  0.226261E-09  0.200831E-08  0.796668E+00  0.132825E+00
  0.651858E+03  0.150122E+00  0.435554E-01  0.000000E+00  0.000000E+00  0.185246E-09  0.274768E-08  0.791900E+00  0.118934E+00
  0.685279E+03  0.135398E+00  0.342986E-01  0.000000E+00  0.000000E+00  0.150055E-09  0.136636E-08  0.787723E+00  0.106488E+00
  0.720414E+03  0.122126E+00  0.264579E-01  0.000000E+00  0.000000E+00  0.121650E-09  0.135840E-08  0.784306E+00  0.953481E-01
  0.757351E+03  0.110168E+00  0.198766E-01  0.000000E+00  0.000000E+00  0.984478E-10  0.763738E-09  0.781877E+00  0.853867E-01
  0.796180E+03  0.993980E-01  0.144146E-01  0.000000E+00  0.000000E+00  0.787748E-10  0.554320E-09  0.780670E+00  0.764879E-01
  0.837002E+03  0.896988E-01  0.994590E-02  0.000000E+00  0.000000E+00  0.633015E-10  0.269474E-09  0.780911E+00  0.685444E-01
  0.879916E+03  0.809647E-01  0.635809E-02  0.000000E+00  0.000000E+00  0.536010E-10  0.187887E-09  0.782855E+00  0.614598E-01
  0.925029E+03  0.730982E-01  0.354894E-02  0.000000E+00  0.000000E+00  0.419040E-10  0.306297E-09  0.786707E+00  0.551451E-01
  0.972458E+03  0.660112E-01  0.142400E-02  0.000000E+00  0.000000E+00  0.349555E-10  0.196735E-09  0.792625E+00  0.495196E-01
  0.102232E+04  0.596246E-01 -0.105966E-03  0.000000E+00  0.000000E+00  0.284770E-10  0.170443E-09  0.800673E+00  0.445104E-01
