  0.109718E-04  0.716342E+07  0.716342E+07  0.954940E+07  0.954939E+07  0.716835E+07  0.716342E+07  0.976670E+00  0.716344E+07
  0.115344E-04  0.716342E+07  0.716342E+07  0.954921E+07  0.954920E+07  0.716834E+07  0.716342E+07  0.976670E+00  0.716344E+07
  0.121258E-04  0.716342E+07  0.716342E+07  0.954899E+07  0.954898E+07  0.716834E+07  0.716342E+07  0.976670E+00  0.716344E+07
  0.127475E-04  0.716342E+07  0.716342E+07  0.954876E+07  0.954874E+07  0.716833E+07  0.716342E+07  0.976670E+00  0.716344E+07
  0.134010E-04  0.716342E+07  0.716342E+07  0.954849E+07  0.954848E+07  0.716833E+07  0.716342E+07  0.976670E+00  0.716344E+07
  0.140881E-04  0.716342E+07  0.716342E+07  0.954820E+07  0.954819E+07  0.716832E+07  0.716342E+07  0.976670E+00  0.716344E+07
  0.148104E-04  0.716342E+07  0.716342E+07  0.954788E+07  0.954787E+07  0.716831E+07  0.716342E+07  0.976670E+00  0.716344E+07
  0.155698E-04  0.716342E+07  0.716342E+07  0.954753E+07  0.954752E+07  0.716831E+07  0.716341E+07  0.976670E+00  0.716344E+07
  0.163681E-04  0.716341E+07  0.716341E+07  0.954714E+07  0.954712E+07  0.716830E+07  0.716341E+07  0.976670E+00  0.716343E+07
  0.172073E-04  0.716341E+07  0.716341E+07  0.954671E+07  0.954669E+07  0.716829E+07  0.716341E+07  0.976670E+00  0.716343E+07
  0.180895E-04  0.716341E+07  0.716341E+07  0.954623E+07  0.954621E+07  0.716828E+07  0.716341E+07  0.976670E+00  0.716343E+07
  0.190170E-04  0.716341E+07  0.716341E+07  0.954571E+07  0.954568E+07  0.716827E+07  0.716341E+07  0.976670E+00  0.716343E+07
  0.199920E-04  0.716340E+07  0.716340E+07  0.954512E+07  0.954510E+07  0.716825E+07  0.716340E+07  0.976670E+00  0.716342E+07
  0.210170E-04  0.716340E+07  0.716340E+07  0.954448E+07  0.954445E+07  0.716824E+07  0.716340E+07  0.976669E+00  0.716342E+07
  0.220946E-04  0.716340E+07  0.716340E+07  0.954377E+07  0.954374E+07  0.716822E+07  0.716340E+07  0.976669E+00  0.716342E+07
  0.232274E-04  0.716340E+07  0.716340E+07  0.954299E+07  0.954295E+07  0.716821E+07  0.716339E+07  0.976669E+00  0.716341E+07
  0.244183E-04  0.716339E+07  0.716339E+07  0.954212E+07  0.954208E+07  0.716819E+07  0.716339E+07  0.976669E+00  0.716341E+07
  0.256702E-04  0.716339E+07  0.716339E+07  0.954116E+07  0.954112E+07  0.716817E+07  0.716339E+07  0.976669E+00  0.716341E+07
  0.269864E-04  0.716338E+07  0.716338E+07  0.954010E+07  0.954005E+07  0.716814E+07  0.716338E+07  0.976669E+00  0.716340E+07
  0.283700E-04  0.716338E+07  0.716338E+07  0.953893E+07  0.953888E+07  0.716812E+07  0.716338E+07  0.976669E+00  0.716340E+07
  0.298246E-04  0.716337E+07  0.716337E+07  0.953763E+07  0.953758E+07  0.716809E+07  0.716337E+07  0.976668E+00  0.716339E+07
  0.313537E-04  0.716336E+07  0.716336E+07  0.953620E+07  0.953614E+07  0.716806E+07  0.716336E+07  0.976668E+00  0.716338E+07
  0.329612E-04  0.716336E+07  0.716336E+07  0.953462E+07  0.953455E+07  0.716803E+07  0.716336E+07  0.976668E+00  0.716338E+07
  0.346512E-04  0.716335E+07  0.716335E+07  0.953288E+07  0.953280E+07  0.716799E+07  0.716335E+07  0.976668E+00  0.716337E+07
  0.364278E-04  0.716334E+07  0.716334E+07  0.953095E+07  0.953086E+07  0.716795E+07  0.716334E+07  0.976667E+00  0.716336E+07
  0.382955E-04  0.716333E+07  0.716333E+07  0.952881E+07  0.952872E+07  0.716790E+07  0.716333E+07  0.976667E+00  0.716335E+07
  0.402590E-04  0.716332E+07  0.716332E+07  0.952646E+07  0.952635E+07  0.716785E+07  0.716332E+07  0.976667E+00  0.716334E+07
  0.423231E-04  0.716331E+07  0.716331E+07  0.952386E+07  0.952374E+07  0.716779E+07  0.716331E+07  0.976666E+00  0.716333E+07
  0.444930E-04  0.716330E+07  0.716330E+07  0.952098E+07  0.952085E+07  0.716773E+07  0.716330E+07  0.976666E+00  0.716332E+07
  0.467742E-04  0.716328E+07  0.716328E+07  0.951780E+07  0.951766E+07  0.716766E+07  0.716328E+07  0.976665E+00  0.716330E+07
  0.491724E-04  0.716327E+07  0.716327E+07  0.951429E+07  0.951414E+07  0.716759E+07  0.716327E+07  0.976665E+00  0.716328E+07
  0.516935E-04  0.716325E+07  0.716325E+07  0.951041E+07  0.951024E+07  0.716750E+07  0.716325E+07  0.976664E+00  0.716327E+07
  0.543439E-04  0.716323E+07  0.716323E+07  0.950613E+07  0.950594E+07  0.716741E+07  0.716323E+07  0.976664E+00  0.716325E+07
  0.571302E-04  0.716321E+07  0.716321E+07  0.950140E+07  0.950118E+07  0.716731E+07  0.716321E+07  0.976663E+00  0.716323E+07
  0.600593E-04  0.716319E+07  0.716319E+07  0.949617E+07  0.949594E+07  0.716719E+07  0.716319E+07  0.976662E+00  0.716320E+07
  0.631386E-04  0.716316E+07  0.716316E+07  0.949039E+07  0.949014E+07  0.716707E+07  0.716316E+07  0.976661E+00  0.716318E+07
  0.663758E-04  0.716313E+07  0.716313E+07  0.948401E+07  0.948373E+07  0.716693E+07  0.716313E+07  0.976660E+00  0.716315E+07
  0.697790E-04  0.716310E+07  0.716310E+07  0.947697E+07  0.947666E+07  0.716678E+07  0.716310E+07  0.976659E+00  0.716312E+07
  0.733566E-04  0.716307E+07  0.716307E+07  0.946919E+07  0.946884E+07  0.716661E+07  0.716307E+07  0.976658E+00  0.716308E+07
  0.771177E-04  0.716303E+07  0.716303E+07  0.946060E+07  0.946022E+07  0.716642E+07  0.716303E+07  0.976657E+00  0.716304E+07
  0.810716E-04  0.716299E+07  0.716299E+07  0.945111E+07  0.945069E+07  0.716621E+07  0.716299E+07  0.976655E+00  0.716300E+07
  0.852282E-04  0.716294E+07  0.716294E+07  0.944064E+07  0.944018E+07  0.716599E+07  0.716294E+07  0.976654E+00  0.716295E+07
  0.895979E-04  0.716289E+07  0.716289E+07  0.942908E+07  0.942856E+07  0.716573E+07  0.716289E+07  0.976652E+00  0.716290E+07
  0.941917E-04  0.716283E+07  0.716283E+07  0.941631E+07  0.941575E+07  0.716546E+07  0.716283E+07  0.976650E+00  0.716284E+07
  0.990210E-04  0.716277E+07  0.716277E+07  0.940223E+07  0.940160E+07  0.716515E+07  0.716277E+07  0.976648E+00  0.716278E+07
  0.104098E-03  0.716270E+07  0.716270E+07  0.938668E+07  0.938600E+07  0.716481E+07  0.716270E+07  0.976646E+00  0.716271E+07
  0.109435E-03  0.716262E+07  0.716262E+07  0.936953E+07  0.936878E+07  0.716443E+07  0.716262E+07  0.976643E+00  0.716263E+07
  0.115046E-03  0.716254E+07  0.716253E+07  0.935061E+07  0.934978E+07  0.716402E+07  0.716254E+07  0.976640E+00  0.716254E+07
  0.120945E-03  0.716244E+07  0.716244E+07  0.932974E+07  0.932882E+07  0.716356E+07  0.716244E+07  0.976637E+00  0.716245E+07
  0.127146E-03  0.716234E+07  0.716234E+07  0.930673E+07  0.930572E+07  0.716305E+07  0.716234E+07  0.976634E+00  0.716234E+07
  0.133664E-03  0.716222E+07  0.716222E+07  0.928136E+07  0.928024E+07  0.716249E+07  0.716222E+07  0.976630E+00  0.716222E+07
  0.140518E-03  0.716210E+07  0.716209E+07  0.925340E+07  0.925217E+07  0.716187E+07  0.716210E+07  0.976626E+00  0.716209E+07
  0.147722E-03  0.716196E+07  0.716195E+07  0.922258E+07  0.922123E+07  0.716119E+07  0.716196E+07  0.976621E+00  0.716195E+07
  0.155296E-03  0.716180E+07  0.716180E+07  0.918864E+07  0.918716E+07  0.716043E+07  0.716180E+07  0.976616E+00  0.716179E+07
  0.163258E-03  0.716163E+07  0.716163E+07  0.915127E+07  0.914963E+07  0.715960E+07  0.716163E+07  0.976610E+00  0.716162E+07
  0.171629E-03  0.716144E+07  0.716144E+07  0.911013E+07  0.910834E+07  0.715867E+07  0.716144E+07  0.976604E+00  0.716143E+07
  0.180428E-03  0.716123E+07  0.716123E+07  0.906487E+07  0.906290E+07  0.715765E+07  0.716123E+07  0.976597E+00  0.716122E+07
  0.189679E-03  0.716100E+07  0.716100E+07  0.901509E+07  0.901293E+07  0.715653E+07  0.716100E+07  0.976589E+00  0.716098E+07
  0.199404E-03  0.716075E+07  0.716074E+07  0.896038E+07  0.895801E+07  0.715529E+07  0.716075E+07  0.976581E+00  0.716072E+07
  0.209628E-03  0.716047E+07  0.716046E+07  0.890028E+07  0.889768E+07  0.715391E+07  0.716047E+07  0.976572E+00  0.716044E+07
  0.220375E-03  0.716016E+07  0.716015E+07  0.883430E+07  0.883146E+07  0.715240E+07  0.716016E+07  0.976561E+00  0.716012E+07
  0.231674E-03  0.715982E+07  0.715981E+07  0.876192E+07  0.875881E+07  0.715072E+07  0.715982E+07  0.976550E+00  0.715978E+07
  0.243552E-03  0.715944E+07  0.715943E+07  0.868258E+07  0.867918E+07  0.714888E+07  0.715944E+07  0.976538E+00  0.715939E+07
  0.256040E-03  0.715902E+07  0.715901E+07  0.859568E+07  0.859198E+07  0.714684E+07  0.715902E+07  0.976525E+00  0.715897E+07
  0.269167E-03  0.715856E+07  0.715855E+07  0.850060E+07  0.849657E+07  0.714458E+07  0.715856E+07  0.976510E+00  0.715850E+07
  0.282968E-03  0.715805E+07  0.715804E+07  0.839667E+07  0.839230E+07  0.714210E+07  0.715805E+07  0.976494E+00  0.715798E+07
  0.297476E-03  0.715749E+07  0.715748E+07  0.828322E+07  0.827847E+07  0.713935E+07  0.715749E+07  0.976476E+00  0.715742E+07
  0.312728E-03  0.715688E+07  0.715687E+07  0.815952E+07  0.815438E+07  0.713633E+07  0.715688E+07  0.976456E+00  0.715679E+07
  0.328761E-03  0.715620E+07  0.715618E+07  0.802486E+07  0.801930E+07  0.713299E+07  0.715620E+07  0.976435E+00  0.715610E+07
  0.345617E-03  0.715545E+07  0.715543E+07  0.787849E+07  0.787250E+07  0.712930E+07  0.715544E+07  0.976412E+00  0.715533E+07
  0.363338E-03  0.715462E+07  0.715460E+07  0.771968E+07  0.771324E+07  0.712524E+07  0.715462E+07  0.976386E+00  0.715449E+07
  0.381966E-03  0.715371E+07  0.715369E+07  0.754771E+07  0.754082E+07  0.712075E+07  0.715370E+07  0.976359E+00  0.715356E+07
  0.401550E-03  0.715270E+07  0.715268E+07  0.736192E+07  0.735456E+07  0.711581E+07  0.715270E+07  0.976329E+00  0.715254E+07
  0.422138E-03  0.715160E+07  0.715158E+07  0.716167E+07  0.715385E+07  0.711037E+07  0.715160E+07  0.976296E+00  0.715142E+07
  0.443782E-03  0.715038E+07  0.715036E+07  0.694645E+07  0.693817E+07  0.710437E+07  0.715038E+07  0.976260E+00  0.715018E+07
  0.466535E-03  0.714904E+07  0.714901E+07  0.671583E+07  0.670711E+07  0.709776E+07  0.714904E+07  0.976222E+00  0.714882E+07
  0.490454E-03  0.714756E+07  0.714754E+07  0.646954E+07  0.646042E+07  0.709048E+07  0.714756E+07  0.976180E+00  0.714732E+07
  0.515601E-03  0.714594E+07  0.714591E+07  0.620753E+07  0.619804E+07  0.708247E+07  0.714594E+07  0.976135E+00  0.714567E+07
  0.542036E-03  0.714416E+07  0.714413E+07  0.592996E+07  0.592017E+07  0.707365E+07  0.714416E+07  0.976087E+00  0.714386E+07
  0.569827E-03  0.714221E+07  0.714217E+07  0.563731E+07  0.562730E+07  0.706396E+07  0.714221E+07  0.976035E+00  0.714187E+07
  0.599043E-03  0.714006E+07  0.714002E+07  0.533038E+07  0.532024E+07  0.705330E+07  0.714006E+07  0.975979E+00  0.713969E+07
  0.629756E-03  0.713771E+07  0.713766E+07  0.501040E+07  0.500025E+07  0.704160E+07  0.713771E+07  0.975920E+00  0.713729E+07
  0.662044E-03  0.713513E+07  0.713508E+07  0.467904E+07  0.466901E+07  0.702875E+07  0.713513E+07  0.975857E+00  0.713467E+07
  0.695988E-03  0.713230E+07  0.713225E+07  0.433846E+07  0.432873E+07  0.701464E+07  0.713230E+07  0.975791E+00  0.713179E+07
  0.731672E-03  0.712921E+07  0.712915E+07  0.399137E+07  0.398211E+07  0.699918E+07  0.712921E+07  0.975721E+00  0.712865E+07
  0.769186E-03  0.712583E+07  0.712576E+07  0.364105E+07  0.363245E+07  0.698224E+07  0.712582E+07  0.975649E+00  0.712521E+07
  0.808623E-03  0.712213E+07  0.712206E+07  0.329131E+07  0.328358E+07  0.696370E+07  0.712213E+07  0.975573E+00  0.712145E+07
  0.850082E-03  0.711810E+07  0.711801E+07  0.294646E+07  0.293981E+07  0.694343E+07  0.711810E+07  0.975494E+00  0.711734E+07
  0.893666E-03  0.711370E+07  0.711361E+07  0.261126E+07  0.260588E+07  0.692128E+07  0.711370E+07  0.975413E+00  0.711287E+07
  0.939485E-03  0.710891E+07  0.710881E+07  0.229074E+07  0.228678E+07  0.689711E+07  0.710891E+07  0.975331E+00  0.710800E+07
  0.987654E-03  0.710370E+07  0.710359E+07  0.198998E+07  0.198757E+07  0.687077E+07  0.710370E+07  0.975248E+00  0.710270E+07
  0.103829E-02  0.709804E+07  0.709792E+07  0.171392E+07  0.171311E+07  0.684210E+07  0.709804E+07  0.975164E+00  0.709694E+07
  0.109153E-02  0.709190E+07  0.709176E+07  0.146696E+07  0.146772E+07  0.681094E+07  0.709189E+07  0.975081E+00  0.709068E+07
  0.114749E-02  0.708524E+07  0.708509E+07  0.125262E+07  0.125481E+07  0.677713E+07  0.708524E+07  0.974999E+00  0.708391E+07
  0.120632E-02  0.707803E+07  0.707786E+07  0.107312E+07  0.107649E+07  0.674051E+07  0.707803E+07  0.974919E+00  0.707657E+07
  0.126817E-02  0.707024E+07  0.707005E+07  0.929043E+06  0.933232E+06  0.670091E+07  0.707024E+07  0.974842E+00  0.706864E+07
  0.133319E-02  0.706182E+07  0.706162E+07  0.818973E+06  0.823516E+06  0.665822E+07  0.706182E+07  0.974768E+00  0.706008E+07
  0.140155E-02  0.705275E+07  0.705253E+07  0.739387E+06  0.743755E+06  0.661239E+07  0.705275E+07  0.974697E+00  0.705085E+07
  0.147341E-02  0.704298E+07  0.704274E+07  0.684715E+06  0.688366E+06  0.656328E+07  0.704298E+07  0.974631E+00  0.704091E+07
  0.154895E-02  0.703247E+07  0.703220E+07  0.647715E+06  0.650167E+06  0.651076E+07  0.703247E+07  0.974569E+00  0.703022E+07
  0.162837E-02  0.702118E+07  0.702088E+07  0.620190E+06  0.621104E+06  0.645480E+07  0.702118E+07  0.974510E+00  0.701874E+07
  0.171185E-02  0.700907E+07  0.700874E+07  0.594019E+06  0.593280E+06  0.639532E+07  0.700907E+07  0.974454E+00  0.700642E+07
  0.179962E-02  0.699608E+07  0.699571E+07  0.562414E+06  0.560177E+06  0.633229E+07  0.699608E+07  0.974401E+00  0.699321E+07
  0.189189E-02  0.698217E+07  0.698176E+07  0.521166E+06  0.517855E+06  0.626570E+07  0.698217E+07  0.974349E+00  0.697907E+07
  0.198889E-02  0.696728E+07  0.696684E+07  0.469590E+06  0.465818E+06  0.619561E+07  0.696728E+07  0.974299E+00  0.696395E+07
  0.209086E-02  0.695137E+07  0.695088E+07  0.410799E+06  0.407200E+06  0.612209E+07  0.695137E+07  0.974248E+00  0.694779E+07
  0.219806E-02  0.693439E+07  0.693384E+07  0.351003E+06  0.348008E+06  0.604524E+07  0.693438E+07  0.974198E+00  0.693054E+07
  0.231076E-02  0.691626E+07  0.691566E+07  0.297752E+06  0.295360E+06  0.596522E+07  0.691626E+07  0.974148E+00  0.691214E+07
  0.242924E-02  0.689694E+07  0.689628E+07  0.257410E+06  0.255074E+06  0.588222E+07  0.689694E+07  0.974098E+00  0.689254E+07
  0.255379E-02  0.687637E+07  0.687565E+07  0.232616E+06  0.229328E+06  0.579642E+07  0.687637E+07  0.974049E+00  0.687169E+07
  0.268472E-02  0.685450E+07  0.685369E+07  0.220803E+06  0.215461E+06  0.570806E+07  0.685449E+07  0.974001E+00  0.684951E+07
  0.282237E-02  0.683125E+07  0.683036E+07  0.000000E+00  0.000000E+00  0.561736E+07  0.683125E+07  0.973954E+00  0.682597E+07
  0.296708E-02  0.680657E+07  0.680560E+07  0.000000E+00  0.000000E+00  0.552452E+07  0.680657E+07  0.973908E+00  0.680099E+07
  0.311920E-02  0.678041E+07  0.677934E+07  0.000000E+00  0.000000E+00  0.542972E+07  0.678041E+07  0.973863E+00  0.677452E+07
  0.327913E-02  0.675270E+07  0.675152E+07  0.000000E+00  0.000000E+00  0.533312E+07  0.675270E+07  0.973818E+00  0.674650E+07
  0.344725E-02  0.672337E+07  0.672207E+07  0.000000E+00  0.000000E+00  0.523479E+07  0.672337E+07  0.973774E+00  0.671687E+07
  0.362399E-02  0.669238E+07  0.669095E+07  0.000000E+00  0.000000E+00  0.513478E+07  0.669238E+07  0.973732E+00  0.668556E+07
  0.380980E-02  0.665966E+07  0.665808E+07  0.000000E+00  0.000000E+00  0.503310E+07  0.665965E+07  0.973689E+00  0.665252E+07
  0.400513E-02  0.662514E+07  0.662340E+07  0.000000E+00  0.000000E+00  0.492971E+07  0.662514E+07  0.973648E+00  0.661768E+07
  0.421048E-02  0.658876E+07  0.658685E+07  0.000000E+00  0.000000E+00  0.482453E+07  0.658876E+07  0.973607E+00  0.658099E+07
  0.442636E-02  0.655048E+07  0.654837E+07  0.000000E+00  0.000000E+00  0.471762E+07  0.655048E+07  0.973567E+00  0.654239E+07
  0.465330E-02  0.651021E+07  0.650789E+07  0.000000E+00  0.000000E+00  0.460892E+07  0.651021E+07  0.973527E+00  0.650180E+07
  0.489188E-02  0.646791E+07  0.646536E+07  0.000000E+00  0.000000E+00  0.449847E+07  0.646791E+07  0.973488E+00  0.645917E+07
  0.514269E-02  0.642350E+07  0.642070E+07  0.000000E+00  0.000000E+00  0.438631E+07  0.642350E+07  0.973449E+00  0.641444E+07
  0.540637E-02  0.637694E+07  0.637385E+07  0.000000E+00  0.000000E+00  0.427246E+07  0.637694E+07  0.973410E+00  0.636754E+07
  0.568356E-02  0.632814E+07  0.632475E+07  0.000000E+00  0.000000E+00  0.415688E+07  0.632814E+07  0.973372E+00  0.631842E+07
  0.597496E-02  0.627725E+07  0.627352E+07  0.000000E+00  0.000000E+00  0.402274E+07  0.627725E+07  0.973327E+00  0.626712E+07
  0.628130E-02  0.622381E+07  0.621972E+07  0.000000E+00  0.000000E+00  0.389955E+07  0.622381E+07  0.973287E+00  0.621333E+07
  0.660335E-02  0.616796E+07  0.616347E+07  0.000000E+00  0.000000E+00  0.377397E+07  0.616796E+07  0.973246E+00  0.615712E+07
  0.694191E-02  0.610963E+07  0.610470E+07  0.000000E+00  0.000000E+00  0.364607E+07  0.610963E+07  0.973204E+00  0.609842E+07
  0.729783E-02  0.604875E+07  0.604334E+07  0.000000E+00  0.000000E+00  0.351633E+07  0.604875E+07  0.973162E+00  0.603718E+07
  0.767200E-02  0.598516E+07  0.597923E+07  0.000000E+00  0.000000E+00  0.338528E+07  0.598516E+07  0.973120E+00  0.597323E+07
  0.806535E-02  0.591898E+07  0.591248E+07  0.000000E+00  0.000000E+00  0.325486E+07  0.591898E+07  0.973078E+00  0.590668E+07
  0.847887E-02  0.585007E+07  0.584295E+07  0.000000E+00  0.000000E+00  0.312554E+07  0.585007E+07  0.973036E+00  0.583742E+07
  0.891359E-02  0.577836E+07  0.577056E+07  0.000000E+00  0.000000E+00  0.299768E+07  0.577836E+07  0.972995E+00  0.576536E+07
  0.937060E-02  0.570383E+07  0.569531E+07  0.000000E+00  0.000000E+00  0.287088E+07  0.570383E+07  0.972955E+00  0.569050E+07
  0.985104E-02  0.562637E+07  0.561705E+07  0.000000E+00  0.000000E+00  0.274462E+07  0.562637E+07  0.972916E+00  0.561271E+07
  0.103561E-01  0.554594E+07  0.553576E+07  0.000000E+00  0.000000E+00  0.261842E+07  0.554594E+07  0.972876E+00  0.553195E+07
  0.108871E-01  0.546248E+07  0.545136E+07  0.000000E+00  0.000000E+00  0.249253E+07  0.546247E+07  0.972837E+00  0.544816E+07
  0.114453E-01  0.537593E+07  0.536382E+07  0.000000E+00  0.000000E+00  0.236766E+07  0.537593E+07  0.972798E+00  0.536130E+07
  0.120321E-01  0.528625E+07  0.527306E+07  0.000000E+00  0.000000E+00  0.224471E+07  0.528625E+07  0.972759E+00  0.527131E+07
  0.126490E-01  0.519339E+07  0.517903E+07  0.000000E+00  0.000000E+00  0.212421E+07  0.519339E+07  0.972721E+00  0.517814E+07
  0.132975E-01  0.509729E+07  0.508169E+07  0.000000E+00  0.000000E+00  0.200644E+07  0.509729E+07  0.972684E+00  0.508176E+07
  0.139793E-01  0.499792E+07  0.498100E+07  0.000000E+00  0.000000E+00  0.189139E+07  0.499792E+07  0.972647E+00  0.498212E+07
  0.146960E-01  0.489527E+07  0.487692E+07  0.000000E+00  0.000000E+00  0.177878E+07  0.489527E+07  0.972611E+00  0.487920E+07
  0.154495E-01  0.478930E+07  0.476946E+07  0.000000E+00  0.000000E+00  0.166846E+07  0.478930E+07  0.972576E+00  0.477298E+07
  0.162416E-01  0.468003E+07  0.465860E+07  0.000000E+00  0.000000E+00  0.156104E+07  0.468003E+07  0.972542E+00  0.466347E+07
  0.170743E-01  0.456747E+07  0.454438E+07  0.000000E+00  0.000000E+00  0.145736E+07  0.456747E+07  0.972508E+00  0.455068E+07
  0.179498E-01  0.445166E+07  0.442683E+07  0.000000E+00  0.000000E+00  0.135744E+07  0.445166E+07  0.972476E+00  0.443467E+07
  0.188701E-01  0.433269E+07  0.430606E+07  0.000000E+00  0.000000E+00  0.126088E+07  0.433268E+07  0.972444E+00  0.431551E+07
  0.198376E-01  0.421065E+07  0.418216E+07  0.000000E+00  0.000000E+00  0.116787E+07  0.421065E+07  0.972413E+00  0.419330E+07
  0.208547E-01  0.408570E+07  0.405531E+07  0.000000E+00  0.000000E+00  0.107883E+07  0.408569E+07  0.972383E+00  0.406820E+07
  0.219239E-01  0.395803E+07  0.392573E+07  0.000000E+00  0.000000E+00  0.993903E+06  0.395803E+07  0.972354E+00  0.394042E+07
  0.230480E-01  0.382790E+07  0.379370E+07  0.000000E+00  0.000000E+00  0.912942E+06  0.382790E+07  0.972326E+00  0.381020E+07
  0.242297E-01  0.369564E+07  0.365956E+07  0.000000E+00  0.000000E+00  0.836002E+06  0.369564E+07  0.972299E+00  0.367788E+07
  0.254719E-01  0.356163E+07  0.352374E+07  0.000000E+00  0.000000E+00  0.763483E+06  0.356162E+07  0.972273E+00  0.354384E+07
  0.267779E-01  0.342634E+07  0.338676E+07  0.000000E+00  0.000000E+00  0.695148E+06  0.342634E+07  0.972248E+00  0.340857E+07
  0.281508E-01  0.329033E+07  0.324922E+07  0.000000E+00  0.000000E+00  0.631005E+06  0.329033E+07  0.972224E+00  0.327263E+07
  0.295942E-01  0.315426E+07  0.311180E+07  0.000000E+00  0.000000E+00  0.571207E+06  0.315426E+07  0.972201E+00  0.313667E+07
  0.311115E-01  0.301885E+07  0.297532E+07  0.000000E+00  0.000000E+00  0.515608E+06  0.301884E+07  0.972179E+00  0.300143E+07
  0.327066E-01  0.288492E+07  0.284063E+07  0.000000E+00  0.000000E+00  0.464200E+06  0.288492E+07  0.972158E+00  0.286773E+07
  0.343835E-01  0.275338E+07  0.270870E+07  0.000000E+00  0.000000E+00  0.416969E+06  0.275338E+07  0.972138E+00  0.273649E+07
  0.361464E-01  0.262516E+07  0.258051E+07  0.000000E+00  0.000000E+00  0.373714E+06  0.262515E+07  0.972119E+00  0.260863E+07
  0.379996E-01  0.250087E+07  0.245673E+07  0.000000E+00  0.000000E+00  0.334356E+06  0.250087E+07  0.972101E+00  0.248478E+07
  0.399479E-01  0.238132E+07  0.233820E+07  0.000000E+00  0.000000E+00  0.298651E+06  0.238132E+07  0.972084E+00  0.236574E+07
  0.419961E-01  0.226777E+07  0.222619E+07  0.000000E+00  0.000000E+00  0.266567E+06  0.226777E+07  0.972067E+00  0.225278E+07
  0.441493E-01  0.216102E+07  0.212151E+07  0.000000E+00  0.000000E+00  0.237827E+06  0.216102E+07  0.972052E+00  0.214669E+07
  0.464129E-01  0.206156E+07  0.202462E+07  0.000000E+00  0.000000E+00  0.212225E+06  0.206156E+07  0.972037E+00  0.204794E+07
  0.487925E-01  0.196945E+07  0.193550E+07  0.000000E+00  0.000000E+00  0.189464E+06  0.196945E+07  0.972024E+00  0.195660E+07
  0.512942E-01  0.188428E+07  0.185365E+07  0.000000E+00  0.000000E+00  0.169238E+06  0.188428E+07  0.972011E+00  0.187222E+07
  0.539241E-01  0.180520E+07  0.177809E+07  0.000000E+00  0.000000E+00  0.151249E+06  0.180520E+07  0.971999E+00  0.179395E+07
  0.566888E-01  0.173108E+07  0.170750E+07  0.000000E+00  0.000000E+00  0.135174E+06  0.173108E+07  0.971987E+00  0.172063E+07
  0.595953E-01  0.166208E+07  0.164185E+07  0.000000E+00  0.000000E+00  0.120847E+06  0.166208E+07  0.971976E+00  0.165238E+07
  0.626508E-01  0.159453E+07  0.157727E+07  0.000000E+00  0.000000E+00  0.107854E+06  0.159452E+07  0.971966E+00  0.158553E+07
  0.658630E-01  0.152783E+07  0.151297E+07  0.000000E+00  0.000000E+00  0.112300E+06  0.152783E+07  0.971979E+00  0.151951E+07
  0.692399E-01  0.146017E+07  0.144696E+07  0.000000E+00  0.000000E+00  0.100125E+06  0.146017E+07  0.971969E+00  0.145234E+07
  0.727899E-01  0.138993E+07  0.137757E+07  0.000000E+00  0.000000E+00  0.888266E+05  0.138993E+07  0.971959E+00  0.138249E+07
  0.765219E-01  0.131615E+07  0.130383E+07  0.000000E+00  0.000000E+00  0.783135E+05  0.131614E+07  0.971951E+00  0.130897E+07
  0.804453E-01  0.123914E+07  0.122620E+07  0.000000E+00  0.000000E+00  0.685830E+05  0.123914E+07  0.971942E+00  0.123216E+07
  0.845698E-01  0.116055E+07  0.114655E+07  0.000000E+00  0.000000E+00  0.596914E+05  0.116055E+07  0.971934E+00  0.115369E+07
  0.889058E-01  0.108270E+07  0.106757E+07  0.000000E+00  0.000000E+00  0.517044E+05  0.108270E+07  0.971927E+00  0.107596E+07
  0.934641E-01  0.100825E+07  0.992290E+06  0.000000E+00  0.000000E+00  0.446689E+05  0.100825E+07  0.971920E+00  0.100167E+07
  0.982560E-01  0.939964E+06  0.923813E+06  0.000000E+00  0.000000E+00  0.386063E+05  0.939962E+06  0.971914E+00  0.933616E+06
  0.103294E+00  0.880171E+06  0.864676E+06  0.000000E+00  0.000000E+00  0.334923E+05  0.880169E+06  0.971908E+00  0.874157E+06
  0.108590E+00  0.829852E+06  0.815859E+06  0.000000E+00  0.000000E+00  0.292372E+05  0.829850E+06  0.971903E+00  0.824268E+06
  0.114157E+00  0.788092E+06  0.776198E+06  0.000000E+00  0.000000E+00  0.256939E+05  0.788089E+06  0.971898E+00  0.782998E+06
  0.120010E+00  0.751999E+06  0.742348E+06  0.000000E+00  0.000000E+00  0.226716E+05  0.751997E+06  0.971893E+00  0.747397E+06
  0.126163E+00  0.717300E+06  0.709500E+06  0.000000E+00  0.000000E+00  0.199827E+05  0.717297E+06  0.971888E+00  0.713123E+06
  0.132632E+00  0.679730E+06  0.672967E+06  0.000000E+00  0.000000E+00  0.174817E+05  0.679727E+06  0.971884E+00  0.675864E+06
  0.139432E+00  0.637053E+06  0.630388E+06  0.000000E+00  0.000000E+00  0.151119E+05  0.637050E+06  0.971880E+00  0.633373E+06
  0.146581E+00  0.590771E+06  0.583536E+06  0.000000E+00  0.000000E+00  0.129144E+05  0.590768E+06  0.971877E+00  0.587188E+06
  0.154096E+00  0.544775E+06  0.536866E+06  0.000000E+00  0.000000E+00  0.109662E+05  0.544772E+06  0.971873E+00  0.541273E+06
  0.161997E+00  0.503512E+06  0.495426E+06  0.000000E+00  0.000000E+00  0.932807E+04  0.503508E+06  0.971870E+00  0.500149E+06
  0.170303E+00  0.470416E+06  0.462950E+06  0.000000E+00  0.000000E+00  0.801764E+04  0.470411E+06  0.971867E+00  0.467285E+06
  0.179034E+00  0.444724E+06  0.438467E+06  0.000000E+00  0.000000E+00  0.697044E+04  0.444719E+06  0.971865E+00  0.441886E+06
  0.188214E+00  0.421867E+06  0.416810E+06  0.000000E+00  0.000000E+00  0.607725E+04  0.421862E+06  0.971862E+00  0.419310E+06
  0.197864E+00  0.397115E+06  0.392681E+06  0.000000E+00  0.000000E+00  0.525355E+04  0.397110E+06  0.971860E+00  0.394757E+06
  0.208008E+00  0.368594E+06  0.364107E+06  0.000000E+00  0.000000E+00  0.447399E+04  0.368587E+06  0.971858E+00  0.366344E+06
  0.218673E+00  0.339195E+06  0.334434E+06  0.000000E+00  0.000000E+00  0.377481E+04  0.339188E+06  0.971856E+00  0.337023E+06
  0.229885E+00  0.313541E+06  0.308862E+06  0.000000E+00  0.000000E+00  0.319780E+04  0.313533E+06  0.971854E+00  0.311487E+06
  0.241671E+00  0.293621E+06  0.289519E+06  0.000000E+00  0.000000E+00  0.274362E+04  0.293612E+06  0.971852E+00  0.291739E+06
  0.254062E+00  0.276352E+06  0.272905E+06  0.000000E+00  0.000000E+00  0.236463E+04  0.276342E+06  0.971851E+00  0.274644E+06
  0.267088E+00  0.257817E+06  0.254651E+06  0.000000E+00  0.000000E+00  0.201860E+04  0.257806E+06  0.971849E+00  0.256228E+06
  0.280782E+00  0.237780E+06  0.234589E+06  0.000000E+00  0.000000E+00  0.170229E+04  0.237767E+06  0.971847E+00  0.236270E+06
  0.295178E+00  0.219562E+06  0.216466E+06  0.000000E+00  0.000000E+00  0.143657E+04  0.219548E+06  0.971846E+00  0.218142E+06
  0.310312E+00  0.204651E+06  0.201906E+06  0.000000E+00  0.000000E+00  0.122339E+04  0.204634E+06  0.971844E+00  0.203346E+06
  0.326222E+00  0.190853E+06  0.188419E+06  0.000000E+00  0.000000E+00  0.104185E+04  0.190835E+06  0.971843E+00  0.189653E+06
  0.342947E+00  0.176349E+06  0.174017E+06  0.000000E+00  0.000000E+00  0.878480E+03  0.176329E+06  0.971841E+00  0.175224E+06
  0.360531E+00  0.162612E+06  0.160385E+06  0.000000E+00  0.000000E+00  0.738872E+03  0.162588E+06  0.971840E+00  0.161558E+06
  0.379016E+00  0.150760E+06  0.148754E+06  0.000000E+00  0.000000E+00  0.624601E+03  0.150734E+06  0.971838E+00  0.149788E+06
  0.398448E+00  0.139498E+06  0.137666E+06  0.000000E+00  0.000000E+00  0.526717E+03  0.139469E+06  0.971836E+00  0.138598E+06
  0.418877E+00  0.128351E+06  0.126619E+06  0.000000E+00  0.000000E+00  0.441438E+03  0.128318E+06  0.971834E+00  0.127510E+06
  0.440353E+00  0.118225E+06  0.116634E+06  0.000000E+00  0.000000E+00  0.370231E+03  0.118187E+06  0.971832E+00  0.117445E+06
  0.462931E+00  0.108812E+06  0.107360E+06  0.000000E+00  0.000000E+00  0.310146E+03  0.108770E+06  0.971829E+00  0.108090E+06
  0.486666E+00  0.996924E+05  0.983418E+05  0.000000E+00  0.000000E+00  0.258519E+03  0.996448E+05  0.971826E+00  0.990199E+05
  0.511617E+00  0.912279E+05  0.899919E+05  0.000000E+00  0.000000E+00  0.215143E+03  0.911745E+05  0.971822E+00  0.906041E+05
  0.537849E+00  0.832150E+05  0.820828E+05  0.000000E+00  0.000000E+00  0.178408E+03  0.831550E+05  0.971818E+00  0.826357E+05
  0.565424E+00  0.755708E+05  0.745321E+05  0.000000E+00  0.000000E+00  0.147238E+03  0.755037E+05  0.971813E+00  0.750324E+05
  0.594415E+00  0.683563E+05  0.674113E+05  0.000000E+00  0.000000E+00  0.120988E+03  0.682814E+05  0.971806E+00  0.678565E+05
  0.624891E+00  0.614474E+05  0.605869E+05  0.000000E+00  0.000000E+00  0.987657E+02  0.613642E+05  0.971799E+00  0.609830E+05
  0.656930E+00  0.548639E+05  0.540860E+05  0.000000E+00  0.000000E+00  0.800530E+02  0.547719E+05  0.971790E+00  0.544329E+05
  0.690612E+00  0.485475E+05  0.478467E+05  0.000000E+00  0.000000E+00  0.642844E+02  0.484463E+05  0.971779E+00  0.481475E+05
  0.726019E+00  0.424897E+05  0.418630E+05  0.000000E+00  0.000000E+00  0.510399E+02  0.423792E+05  0.971765E+00  0.421191E+05
  0.763243E+00  0.366674E+05  0.361112E+05  0.000000E+00  0.000000E+00  0.399420E+02  0.365479E+05  0.971749E+00  0.363249E+05
  0.802376E+00  0.310803E+05  0.305916E+05  0.000000E+00  0.000000E+00  0.306892E+02  0.309525E+05  0.971729E+00  0.307650E+05
  0.843515E+00  0.257361E+05  0.253119E+05  0.000000E+00  0.000000E+00  0.230229E+02  0.256013E+05  0.971705E+00  0.254477E+05
  0.886763E+00  0.206622E+05  0.202996E+05  0.000000E+00  0.000000E+00  0.167369E+02  0.205225E+05  0.971676E+00  0.204008E+05
  0.932227E+00  0.159043E+05  0.156003E+05  0.000000E+00  0.000000E+00  0.116563E+02  0.157628E+05  0.971640E+00  0.156706E+05
  0.980024E+00  0.115291E+05  0.112802E+05  0.000000E+00  0.000000E+00  0.763687E+01  0.113897E+05  0.971596E+00  0.113243E+05
  0.103027E+01  0.762359E+04  0.742579E+04  0.000000E+00  0.000000E+00  0.455285E+01  0.749105E+04  0.971542E+00  0.744913E+04
  0.108309E+01  0.428980E+04  0.413846E+04  0.000000E+00  0.000000E+00  0.229671E+01  0.416959E+04  0.971477E+00  0.414707E+04
  0.113863E+01  0.163349E+04  0.152294E+04  0.000000E+00  0.000000E+00  0.764637E+00  0.153094E+04  0.971397E+00  0.152321E+04
  0.119700E+01 -0.256819E+03 -0.333291E+03  0.000000E+00  0.000000E+00 -0.152186E+00 -0.337498E+03  0.971300E+00 -0.335410E+03
  0.125838E+01 -0.133997E+04 -0.139009E+04  0.000000E+00  0.000000E+00 -0.572730E+00 -0.139701E+04  0.971181E+00 -0.139002E+04
  0.132289E+01 -0.165595E+04 -0.168810E+04  0.000000E+00  0.000000E+00 -0.628015E+00 -0.169137E+04  0.971036E+00 -0.168370E+04
  0.139072E+01 -0.135407E+04 -0.137666E+04  0.000000E+00  0.000000E+00 -0.462428E+00 -0.137435E+04  0.970859E+00 -0.136890E+04
  0.146202E+01 -0.696723E+03 -0.717156E+03  0.000000E+00  0.000000E+00 -0.217267E+00 -0.711902E+03  0.970643E+00 -0.709712E+03
  0.153698E+01 -0.151923E+02 -0.386572E+02  0.000000E+00  0.000000E+00 -0.100321E-01 -0.356905E+02  0.970394E+00 -0.360042E+02
  0.161579E+01  0.393785E+03  0.365337E+03  0.000000E+00  0.000000E+00  0.906393E-01  0.362218E+03  0.970056E+00  0.361174E+03
  0.169863E+01  0.402982E+03  0.371088E+03  0.000000E+00  0.000000E+00  0.825011E-01  0.363453E+03  0.969667E+00  0.363111E+03
  0.178572E+01  0.137198E+03  0.105797E+03  0.000000E+00  0.000000E+00  0.207906E-01  0.100482E+03  0.969204E+00  0.100889E+03
  0.187728E+01 -0.105705E+03 -0.132690E+03  0.000000E+00  0.000000E+00 -0.242530E-01 -0.130110E+03  0.968593E+00 -0.129964E+03
  0.197353E+01 -0.109324E+03 -0.130622E+03  0.000000E+00  0.000000E+00 -0.209457E-01 -0.123723E+03  0.967906E+00 -0.124281E+03
  0.207471E+01  0.422187E+02  0.244760E+02  0.000000E+00  0.000000E+00  0.379137E-02  0.257183E+02  0.966888E+00  0.254148E+02
  0.218108E+01  0.918610E+02  0.745252E+02  0.000000E+00  0.000000E+00  0.963785E-02  0.689646E+02  0.965989E+00  0.695439E+02
  0.229291E+01  0.222645E+01 -0.153199E+02  0.000000E+00  0.000000E+00 -0.204861E-02 -0.164281E+02  0.964352E+00 -0.161849E+02
  0.241047E+01 -0.176921E+02 -0.334173E+02  0.000000E+00  0.000000E+00 -0.335551E-02 -0.288713E+02  0.963241E+00 -0.294614E+02
  0.253406E+01  0.361098E+02  0.229282E+02  0.000000E+00  0.000000E+00  0.223951E-02  0.213655E+02  0.961000E+00  0.215199E+02
  0.266398E+01  0.112132E+02 -0.120567E+01  0.000000E+00  0.000000E+00 -0.276142E-03 -0.294906E+01  0.955483E+00 -0.266342E+01
  0.280057E+01  0.467055E+01 -0.719644E+01  0.000000E+00  0.000000E+00 -0.413869E-03 -0.465271E+01  0.957509E+00 -0.503156E+01
  0.294416E+01  0.168741E+02  0.664949E+01  0.000000E+00  0.000000E+00  0.367844E-03  0.469335E+01  0.953259E+00  0.497997E+01
  0.309511E+01  0.545075E+01 -0.412242E+01  0.000000E+00  0.000000E+00 -0.196004E-03 -0.282376E+01  0.948644E+00 -0.301528E+01
  0.325379E+01  0.106514E+02  0.190570E+01  0.000000E+00  0.000000E+00  0.870614E-04  0.982824E+00  0.944532E+00  0.112326E+01
  0.342062E+01  0.795249E+01  0.850099E-01  0.000000E+00  0.000000E+00  0.237100E-04  0.664617E+00  0.927965E+00  0.570991E+00
  0.359600E+01  0.573739E+01 -0.153092E+01  0.000000E+00  0.000000E+00 -0.654348E-04 -0.153786E+01  0.923781E+00 -0.153026E+01
  0.378037E+01  0.776099E+01  0.117216E+01  0.000000E+00  0.000000E+00  0.338307E-04  0.672023E+00  0.916065E+00  0.747539E+00
  0.397419E+01  0.664279E+01  0.665863E+00  0.000000E+00  0.000000E+00  0.213015E-04  0.732379E+00  0.897435E+00  0.718857E+00
  0.417795E+01  0.517744E+01 -0.337675E+00  0.000000E+00  0.000000E+00  0.578713E-05  0.568044E-01  0.161830E+01 -0.524265E-02
  0.439216E+01  0.470483E+01 -0.291297E+00  0.000000E+00  0.000000E+00  0.468719E-05 -0.365732E-01  0.856463E+00 -0.763281E-01
  0.461735E+01  0.442702E+01 -0.107882E+00  0.000000E+00  0.000000E+00  0.469934E-05  0.514380E-01  0.928651E+00  0.262582E-01
  0.485409E+01  0.419532E+01  0.581725E-01  0.000000E+00  0.000000E+00  0.945277E-05  0.150077E+00  0.805294E+00  0.135042E+00
  0.510297E+01  0.392861E+01  0.153821E+00  0.000000E+00  0.000000E+00 -0.151658E-06  0.827449E-01  0.726664E+00  0.935307E-01
  0.536460E+01  0.342197E+01 -0.193404E-01  0.000000E+00  0.000000E+00 -0.190630E-05 -0.756203E-01  0.673741E+00 -0.664823E-01
  0.563965E+01  0.316291E+01  0.248733E-01  0.000000E+00  0.000000E+00  0.462283E-05  0.588750E-01  0.655088E+00  0.532984E-01
  0.592880E+01  0.283315E+01 -0.310893E-01  0.000000E+00  0.000000E+00 -0.174142E-06 -0.320750E-01  0.477582E+00 -0.317848E-01
  0.623278E+01  0.262188E+01  0.122981E-01  0.000000E+00  0.000000E+00  0.167016E-05 -0.198032E-01  0.754048E+00 -0.146897E-01
  0.655234E+01  0.239140E+01  0.144159E-01  0.000000E+00  0.000000E+00  0.891958E-07 -0.771741E-02  0.146346E+01 -0.421693E-02
  0.688828E+01  0.217038E+01  0.422640E-02  0.000000E+00  0.000000E+00  0.750143E-06 -0.117653E-01  0.519756E+00 -0.920992E-02
  0.724145E+01  0.196876E+01 -0.538594E-02  0.000000E+00  0.000000E+00 -0.133091E-05  0.192785E-02  0.512235E+01  0.773768E-03
  0.761273E+01  0.180120E+01  0.257406E-02  0.000000E+00  0.000000E+00 -0.105370E-05 -0.378989E-02  0.118669E+01 -0.277676E-02
  0.800304E+01  0.164028E+01  0.169702E-02  0.000000E+00  0.000000E+00  0.126245E-05  0.150764E-02 -0.185925E+01  0.153093E-02
  0.841337E+01  0.149493E+01  0.220054E-02  0.000000E+00  0.000000E+00  0.414962E-07 -0.975839E-03  0.865228E+01 -0.474037E-03
  0.884473E+01  0.135964E+01 -0.382677E-03  0.000000E+00  0.000000E+00 -0.537116E-08 -0.341576E-02 -0.114306E+01 -0.292608E-02
  0.929821E+01  0.124024E+01  0.134800E-02  0.000000E+00  0.000000E+00 -0.284621E-06 -0.892748E-03  0.107136E+02 -0.537892E-03
  0.977494E+01  0.112944E+01  0.910607E-03  0.000000E+00  0.000000E+00  0.596312E-07 -0.620788E-03  0.144116E+02 -0.378223E-03
  0.102761E+02  0.102790E+01 -0.623657E-04  0.000000E+00  0.000000E+00  0.456262E-06 -0.129488E-02 -0.365037E+01 -0.109628E-02
  0.108030E+02  0.936725E+00  0.422710E-03  0.000000E+00  0.000000E+00 -0.118765E-06 -0.250991E-02 -0.826592E-01 -0.203980E-02
  0.113569E+02  0.852680E+00 -0.110220E-03  0.000000E+00  0.000000E+00  0.583799E-06  0.957405E-04  0.784501E+02  0.630680E-04
  0.119391E+02  0.776974E+00  0.277411E-03  0.000000E+00  0.000000E+00  0.191913E-06 -0.172645E-02  0.430656E+00 -0.140518E-02
  0.125513E+02  0.707354E+00 -0.656874E-05  0.000000E+00  0.000000E+00 -0.149900E-06  0.235281E-03  0.169679E+02  0.196391E-03
  0.131948E+02  0.644283E+00  0.985174E-04  0.000000E+00  0.000000E+00 -0.689511E-07 -0.846086E-03 -0.327756E+01 -0.694505E-03
  0.138713E+02  0.586669E+00  0.438274E-04  0.000000E+00  0.000000E+00 -0.317344E-06  0.612650E-03 -0.316359E+01  0.520932E-03
  0.145825E+02  0.534272E+00  0.804178E-04  0.000000E+00  0.000000E+00  0.987149E-07 -0.192433E-03  0.178765E+02 -0.148868E-03
  0.153302E+02  0.486479E+00  0.545218E-04  0.000000E+00  0.000000E+00  0.132334E-06  0.491129E-04 -0.486540E+02  0.497530E-04
  0.161161E+02  0.442938E+00  0.250083E-04  0.000000E+00  0.000000E+00  0.457583E-07  0.559059E-03  0.692127E-01  0.473018E-03
  0.169424E+02  0.403320E+00  0.416827E-04  0.000000E+00  0.000000E+00 -0.383749E-07 -0.213244E-03 -0.133415E+02 -0.172400E-03
  0.178111E+02  0.367218E+00  0.419849E-04  0.000000E+00  0.000000E+00 -0.302502E-07 -0.240885E-03  0.993594E+01 -0.195546E-03
  0.187243E+02  0.334316E+00  0.238525E-04  0.000000E+00  0.000000E+00  0.512633E-07  0.299651E-03 -0.384512E+01  0.255171E-03
  0.196843E+02  0.304364E+00  0.218521E-04  0.000000E+00  0.000000E+00 -0.329227E-07  0.261565E-03  0.136301E+01  0.222899E-03
  0.206935E+02  0.277088E+00  0.227937E-04  0.000000E+00  0.000000E+00  0.115170E-07  0.140280E-03 -0.998414E+01  0.121279E-03
  0.217545E+02  0.252246E+00  0.221638E-04  0.000000E+00  0.000000E+00  0.445229E-07 -0.712754E-04 -0.249689E+02 -0.563335E-04
  0.228699E+02  0.229620E+00  0.185207E-04  0.000000E+00  0.000000E+00 -0.362369E-07  0.354930E-05  0.256229E+03  0.587982E-05
  0.240425E+02  0.209019E+00  0.177031E-04  0.000000E+00  0.000000E+00  0.398850E-09 -0.140429E-03  0.229685E+01 -0.115058E-03
  0.252751E+02  0.190255E+00  0.136726E-04  0.000000E+00  0.000000E+00  0.401856E-07  0.116785E-03  0.134191E+01  0.100135E-03
  0.265710E+02  0.173173E+00  0.130633E-04  0.000000E+00  0.000000E+00  0.188642E-07 -0.861337E-04  0.558530E+01 -0.702269E-04
  0.279334E+02  0.157617E+00  0.108639E-04  0.000000E+00  0.000000E+00  0.309132E-07  0.746201E-04 -0.240756E+01  0.643150E-04
  0.293656E+02  0.143455E+00  0.967257E-05  0.000000E+00  0.000000E+00 -0.675749E-08  0.597083E-04  0.928449E+01  0.516159E-04
  0.308711E+02  0.130561E+00  0.888406E-05  0.000000E+00  0.000000E+00  0.211075E-08 -0.339067E-04  0.298491E+02 -0.270587E-04
  0.324539E+02  0.118822E+00  0.796362E-05  0.000000E+00  0.000000E+00  0.192302E-07 -0.470131E-04 -0.221552E+01 -0.382003E-04
  0.341179E+02  0.108135E+00  0.699183E-05  0.000000E+00  0.000000E+00  0.115155E-07 -0.203976E-04 -0.408651E+02 -0.160198E-04
  0.358672E+02  0.984053E-01  0.616400E-05  0.000000E+00  0.000000E+00  0.757060E-08  0.316713E-04 -0.816539E+01  0.275408E-04
  0.377061E+02  0.895486E-01  0.555303E-05  0.000000E+00  0.000000E+00  0.791869E-08  0.285803E-04  0.393493E+01  0.248515E-04
  0.396393E+02  0.814864E-01  0.489092E-05  0.000000E+00  0.000000E+00 -0.884260E-08 -0.665153E-06  0.306869E+04  0.208144E-06
  0.416717E+02  0.741476E-01  0.428365E-05  0.000000E+00  0.000000E+00  0.755897E-08 -0.775021E-05 -0.923150E+02 -0.583191E-05
  0.438082E+02  0.674676E-01  0.369506E-05  0.000000E+00  0.000000E+00  0.685674E-08  0.821799E-05 -0.677624E+02  0.747458E-05
  0.460543E+02  0.613876E-01  0.333931E-05  0.000000E+00  0.000000E+00 -0.470697E-08 -0.112459E-04 -0.323649E+02 -0.891314E-05
  0.484156E+02  0.558538E-01  0.297237E-05  0.000000E+00  0.000000E+00 -0.395168E-08 -0.820655E-05  0.512261E+02 -0.642032E-05
  0.508979E+02  0.508173E-01  0.255986E-05  0.000000E+00  0.000000E+00 -0.703775E-09  0.997525E-05  0.477343E-01  0.877118E-05
  0.535075E+02  0.462336E-01  0.224472E-05  0.000000E+00  0.000000E+00  0.179619E-08  0.764850E-05  0.154933E+02  0.676947E-05
  0.562509E+02  0.420621E-01  0.202309E-05  0.000000E+00  0.000000E+00  0.484870E-08  0.205597E-05  0.182896E+03  0.204213E-05
  0.591349E+02  0.382658E-01  0.173652E-05  0.000000E+00  0.000000E+00 -0.197000E-08  0.408454E-05 -0.669686E+02  0.369936E-05
  0.621669E+02  0.348112E-01  0.155103E-05  0.000000E+00  0.000000E+00 -0.305512E-08 -0.444394E-05 -0.364764E+02 -0.348586E-05
  0.653542E+02  0.316675E-01  0.134410E-05  0.000000E+00  0.000000E+00 -0.135405E-08  0.194841E-05  0.145882E+03  0.184547E-05
  0.687050E+02  0.288070E-01  0.119139E-05  0.000000E+00  0.000000E+00  0.214564E-09 -0.166617E-05 -0.204250E+03 -0.121140E-05
  0.722276E+02  0.262040E-01  0.103453E-05  0.000000E+00  0.000000E+00  0.965684E-09  0.240205E-05  0.641340E+02  0.217763E-05
  0.759308E+02  0.238356E-01  0.914905E-06  0.000000E+00  0.000000E+00 -0.725218E-09 -0.219448E-05  0.607876E+02 -0.169802E-05
  0.798238E+02  0.216807E-01  0.791707E-06  0.000000E+00  0.000000E+00 -0.127606E-08  0.556011E-06 -0.362743E+03  0.590580E-06
  0.839164E+02  0.197201E-01  0.689591E-06  0.000000E+00  0.000000E+00 -0.260276E-09 -0.119365E-06 -0.270874E+05  0.788585E-08
  0.882189E+02  0.179363E-01  0.601473E-06  0.000000E+00  0.000000E+00  0.381708E-09 -0.119481E-06 -0.322512E+05 -0.601529E-08
  0.927420E+02  0.163134E-01  0.523293E-06  0.000000E+00  0.000000E+00  0.418419E-09  0.725550E-06  0.203927E+03  0.690791E-06
  0.974969E+02  0.148369E-01  0.451526E-06  0.000000E+00  0.000000E+00  0.301143E-09  0.917439E-06  0.842943E+02  0.840558E-06
  0.102496E+03  0.134937E-01  0.391194E-06  0.000000E+00  0.000000E+00  0.332660E-10 -0.710964E-06  0.159496E+03 -0.535269E-06
